template	NADA	0	2
0.000000	3.460000	--undefined--	--undefined--	--undefined--	-298.139008	-300.000000	38.873207	0.000000	3.460000	-300.000000	-300.000000	-300.000000	-300.000000	38.873207	0	0	0	0	0	0	sil	spn	^	"U	1	.	--undefined--	--undefined--	--undefined--	--undefined--	None	None	-1	0	
3.460000	3.692000	666.252441	666.252441	666.252441	44.978237	38.873207	53.236267	3.460000	3.692000	38.873207	41.190220	42.758541	50.324512	43.201042	0	0	0	0	0	0	spn	g	sil	"U	1	XXNONVERBALXX	37.003666	43.630871	37.003666	43.630871	None	None	-1	0	
3.692000	3.732000	--undefined--	--undefined--	--undefined--	52.830650	43.201042	62.972389	3.692000	3.732000	43.201042	44.656300	53.068359	60.255161	62.972389	0	0	0	0	0	0	g	"U	spn	"U	1	good	37.685375	41.931458	38.998158	39.648884	nervous-25	None	-3	0	None
3.732000	3.762000	--undefined--	--undefined--	--undefined--	63.043579	62.843784	63.356709	3.732000	3.762000	62.972389	62.972389	63.001442	62.843784	63.356709	0	0	0	0	0	0	"U	d	g	"U	2	good	37.685375	41.931458	40.139442	41.931458	nervous-25	None	-2	0	None
3.762000	3.792000	--undefined--	--undefined--	--undefined--	63.292328	63.250992	63.356709	3.762000	3.792000	63.356709	63.356709	63.283123	63.250992	63.278496	0	0	0	0	0	0	d	d	"U	"eI	3	good	37.685375	41.931458	30.813732	30.813732	nervous-25	None	-1	0	None
3.792000	3.822000	--undefined--	--undefined--	--undefined--	63.334694	62.700386	63.775604	3.792000	3.822000	63.278496	63.278496	63.584290	63.775604	62.700386	0	0	0	0	0	0	d	"eI	d	"eI	1	day	37.945591	40.737305	38.866501	40.737305	nervous-25	None	-2	0	None
3.822000	3.862000	--undefined--	--undefined--	--undefined--	56.563690	49.212479	62.700386	3.822000	3.862000	62.700386	60.504623	57.403282	52.997681	49.212479	0	0	0	0	0	0	"eI	t	d	"eI	2	day	37.945591	40.737305	37.247658	38.989571	nervous-25	None	-1	0	None
3.862000	3.952000	--undefined--	--undefined--	--undefined--	50.350975	46.901566	58.307152	3.862000	3.952000	49.212479	46.901566	49.035057	48.039513	58.307152	0	0	0	0	0	0	t	"u	"eI	"u	1	to	34.930931	38.934883	34.908356	38.908733	nervous-25	None	-2	0	None
3.952000	3.992000	--undefined--	--undefined--	--undefined--	61.437569	58.307152	62.975063	3.952000	3.992000	58.307152	60.302643	62.833725	62.769276	62.975063	0	0	0	0	0	0	"u	j	t	"u	2	to	34.930931	38.934883	33.847969	38.934883	nervous-25	None	-1	0	None
3.992000	4.052000	--undefined--	--undefined--	--undefined--	63.627022	62.037846	64.930511	3.992000	4.052000	62.975063	63.976715	64.057274	63.899323	62.037846	0	0	0	0	0	0	j	"U	"u	"U	1	you	35.274963	40.637650	32.552704	39.184448	nervous-25	None	-2	0	None
4.052000	4.142000	228.969742	228.969742	228.969742	61.766052	56.402245	64.212502	4.052000	4.142000	62.037846	62.459625	64.023979	63.399826	56.402245	0	0	0	0	0	0	"U	V	j	"U	2	you	35.274963	40.637650	37.997227	40.637650	nervous-25	None	-1	0	None
4.142000	4.172000	--undefined--	--undefined--	--undefined--	56.675659	56.010796	57.356224	4.142000	4.172000	56.402245	56.402245	56.933380	57.356224	56.010796	0	0	0	0	0	0	V	m	"U	V	1	i'm	35.119072	43.099686	36.297493	40.637650	nervous-35	None	-2	0	None
4.172000	4.312000	354.386353	339.967407	371.323792	47.522572	35.390823	56.010796	4.172000	4.312000	56.010796	54.250050	48.992420	44.105049	35.390823	0	0	0	0	0	0	m	spn	V	"u	2	i'm	35.119072	43.099686	34.456753	43.099686	nervous-35	None	-1	0	None
4.312000	4.980000	498.156158	371.353394	693.732300	39.591312	35.254490	45.869541	4.312000	4.980000	35.390823	37.274403	37.397144	40.942871	37.681286	0	0	0	0	0	0	spn	sil	m	"u	1	XXNONVERBALXX	34.272709	41.244320	34.272709	41.244320	nervous-35	None	-1	0	None
4.980000	7.700000	593.854004	593.854004	593.854004	-293.207916	-300.000000	37.681286	4.980000	7.700000	37.681286	-300.000000	-300.000000	-300.000000	34.727722	0	0	0	0	0	0	sil	spn	spn	"u	1	.	24.835653	33.766869	24.835653	33.766869	nervous-35	None	-1	0	None
7.700000	8.201000	525.236511	409.541473	670.044312	41.564232	34.727722	53.484558	7.700000	8.201000	34.727722	40.068188	39.518772	39.474648	51.770386	0	0	0	0	0	0	spn	t	sil	"u	1	XXNONVERBALXX	32.614422	42.630814	32.614422	42.630814	nervous-35	None	-1	0	None
8.201000	8.231000	--undefined--	--undefined--	--undefined--	59.915489	51.770386	64.090149	8.201000	8.231000	51.770386	51.770386	61.079567	64.090149	62.721863	0	0	0	0	0	0	t	"u	spn	"u	1	tutoring	37.796688	43.443665	42.265427	43.443665	nervous-35	None	-7	0	None
8.231000	8.311001	--undefined--	--undefined--	--undefined--	60.078056	56.095387	62.721863	8.231000	8.311001	62.721863	60.819416	60.434120	59.227814	56.095387	0	0	0	0	0	0	"u	t	t	"u	2	tutoring	37.796688	43.443665	36.000198	43.443665	nervous-35	None	-6	0	None
8.311001	8.371000	--undefined--	--undefined--	--undefined--	55.279385	54.662685	56.095387	8.311001	8.371000	56.095387	54.662685	55.256546	55.513374	55.295834	0	0	0	0	0	0	t	3`	"u	3`	3	tutoring	37.796688	43.443665	34.962521	41.004189	nervous-35	None	-5	0	None
8.371000	8.421000	--undefined--	--undefined--	--undefined--	55.328335	54.070694	55.880108	8.371000	8.421000	55.295834	54.070694	55.675461	55.337456	55.880108	0	0	0	0	0	0	3`	r\	t	3`	4	tutoring	37.796688	43.443665	39.968246	43.108757	nervous-35	None	-4	0	None
8.421000	8.451000	340.490753	340.490753	340.490753	55.810791	55.221653	56.070992	8.421000	8.451000	55.880108	55.880108	56.070427	55.221653	56.070992	0	0	0	0	0	0	r\	I	3`	I	5	tutoring	37.796688	43.443665	35.752182	38.687447	nervous-35	None	-3	0	None
8.451000	8.500999	315.723999	290.957275	340.490753	55.869129	54.899792	56.354416	8.451000	8.500999	56.070992	56.280136	56.250759	56.354416	54.899792	0	0	0	0	0	0	I	N	r\	I	6	tutoring	37.796688	43.443665	37.318462	38.864864	nervous-35	None	-2	0	None
8.500999	8.531000	590.638794	590.638794	590.638794	55.407845	54.899792	55.834126	8.500999	8.531000	54.899792	54.899792	55.164528	55.732937	55.834126	0	0	0	0	0	0	N	D	I	"V	7	tutoring	37.796688	43.443665	35.725098	37.137913	nervous-35	None	-1	0	None
8.531000	8.561000	551.326294	512.013733	590.638794	56.144512	55.785309	56.837849	8.531000	8.561000	55.834126	55.834126	55.785309	56.120777	56.837849	0	0	0	0	0	0	D	"V	N	"V	1	the	33.616688	35.150665	34.312286	34.312286	nervous-35	None	-2	0	None
8.561000	8.601000	516.125427	516.125427	516.125427	55.614250	53.097401	57.331486	8.561000	8.601000	56.837849	57.331486	56.249229	54.555298	53.097401	0	0	0	0	0	0	"V	b	D	"V	2	the	33.616688	35.150665	33.268890	35.150665	nervous-35	None	-1	0	None
8.601000	8.671000	462.832703	409.539978	516.125427	53.306801	50.045387	59.237724	8.601000	8.671000	53.097401	51.756134	50.045387	53.486153	59.237724	0	0	0	0	0	0	b	"OI	"V	"OI	1	boys	37.953777	42.564713	37.681576	39.158634	nervous-35	None	-3	0	None
8.671000	8.871000	340.643127	340.643127	340.643127	60.871223	54.804096	63.793587	8.671000	8.871000	59.237724	63.640190	62.265053	60.270466	54.804096	0	0	0	0	0	0	"OI	z	b	"OI	2	boys	37.953777	42.564713	39.175121	42.564713	nervous-35	None	-2	0	None
8.871000	8.921000	--undefined--	--undefined--	--undefined--	50.231640	45.751324	54.804096	8.871000	8.921000	54.804096	51.853409	51.790241	48.855194	45.751324	0	0	0	0	0	0	z	h	"OI	"i	3	boys	37.953777	42.564713	32.866035	36.358627	nervous-35	None	-1	0	None
8.921000	8.961000	--undefined--	--undefined--	--undefined--	49.593971	43.492950	57.652664	8.921000	8.961000	45.751324	43.492950	47.280151	53.792755	57.652664	0	0	0	0	0	0	h	"i	z	"i	1	here	35.257179	43.371052	33.990547	38.626656	nervous-35	None	-3	0	None
8.961000	9.041000	370.666901	370.666901	370.666901	58.165310	57.026615	59.027180	8.961000	9.041000	57.652664	58.474232	58.042183	59.027180	57.026615	0	0	0	0	0	0	"i	r\	h	"i	2	here	35.257179	43.371052	33.071850	38.322468	nervous-35	None	-2	0	None
9.041000	9.141000	409.556915	409.556915	409.556915	54.866550	47.869713	58.096687	9.041000	9.141000	57.026615	58.096687	55.164215	54.664249	47.869713	0	0	0	0	0	0	r\	spn	"i	"V	3	here	35.257179	43.371052	37.186310	43.371052	nervous-35	None	-1	0	None
9.141000	9.460000	504.117981	340.390259	667.845703	39.807919	36.181675	47.869713	9.141000	9.460000	47.869713	40.610294	40.609398	37.738628	37.115879	0	0	0	0	0	0	spn	sil	r\	"V	1	XXNONVERBALXX	34.630356	40.871700	34.630356	40.871700	nervous-35	None	-1	0	None
9.460000	23.539999	--undefined--	--undefined--	--undefined--	-298.699371	-300.000000	37.115879	9.460000	23.539999	37.115879	-300.000000	-300.000000	-300.000000	32.238243	0	0	0	0	0	0	sil	spn	spn	"V	1	.	18.599075	31.888571	18.599075	31.888571	nervous-35	None	-1	0	None
23.539999	24.810438	450.711578	340.503204	689.582947	41.879913	32.238243	57.304096	23.539999	24.810438	32.238243	40.501308	34.592072	44.319649	52.529873	0	0	0	0	0	0	spn	"V	sil	"V	1	XXNONVERBALXX	34.341404	42.901421	34.341404	42.901421	nervous-35	None	-1	0	None
24.810438	26.000437	471.679108	339.792572	669.528503	46.500797	34.644493	61.342491	24.810438	26.000437	52.529873	40.859322	36.975563	51.708900	44.965626	0	0	0	0	0	0	"V	sil	spn	"V	1	uh	35.418385	43.842979	35.418385	43.842979	thinking-45	afraid-15	-1	0	None
26.000437	29.539999	--undefined--	--undefined--	--undefined--	-292.793274	-300.000000	44.965626	26.000437	29.539999	44.965626	-300.000000	-300.000000	-300.000000	33.080883	0	0	0	0	0	0	sil	spn	"V	"E	1	.	26.298187	36.552731	26.298187	36.552731	thinking-45	afraid-15	-1	0	None
29.539999	29.711689	514.146423	513.554932	514.737915	40.483833	33.080883	43.266655	29.539999	29.711689	33.080883	38.441444	39.809738	40.791645	42.408333	0	0	0	0	0	0	spn	j	sil	"E	1	XXNONVERBALXX	34.869576	40.651619	34.869576	40.651619	thinking-45	afraid-15	-1	0	None
29.711689	29.771687	--undefined--	--undefined--	--undefined--	59.882355	42.408333	66.812157	29.711689	29.771687	42.408333	52.449017	65.418640	64.779884	66.812157	0	0	0	0	0	0	j	"E	spn	"E	1	yes	38.677788	45.176476	36.842682	41.141502	nervous-55	surprised-15	-3	0	None
29.771687	29.891687	371.035339	370.248535	371.822113	62.233757	51.476524	67.203033	29.771687	29.891687	66.812157	66.264198	63.742409	59.854095	51.476524	0	0	0	0	0	0	"E	s	j	"E	2	yes	38.677788	45.176476	41.517071	45.176476	nervous-55	surprised-15	-2	0	None
29.891687	29.991688	--undefined--	--undefined--	--undefined--	48.410313	43.202148	52.729958	29.891687	29.991688	51.476524	51.043655	48.136562	46.139641	52.729958	0	0	0	0	0	0	s	"aI	"E	"aI	3	yes	38.677788	45.176476	37.515938	42.563835	nervous-55	surprised-15	-1	0	None
29.991688	30.021688	371.768951	371.768951	371.768951	54.441021	50.013889	60.123974	29.991688	30.021688	52.729958	52.729958	50.013889	54.896255	60.123974	0	0	0	0	0	0	"aI	"V	s	"aI	1	i	28.396940	35.293732	28.396940	35.293732	nervous-55	surprised-15	-1	0	None
30.021688	30.121689	371.768951	371.768951	371.768951	58.230518	56.923237	60.123974	30.021688	30.121689	60.123974	58.134056	59.467735	59.748726	57.727592	0	0	0	0	0	0	"V	"aI	"aI	"V	1	uh	38.813126	43.299171	38.813126	43.299171	nervous-55	surprised-15	-1	0	None
30.121689	30.451687	406.697845	290.970032	516.418335	52.303158	40.250687	57.765305	30.121689	30.451687	57.727592	56.759983	51.509514	53.905846	40.250687	0	0	0	0	0	0	"aI	spn	"V	"aI	1	i	39.355667	43.965778	39.355667	43.965778	nervous-55	surprised-15	-1	0	None
30.451687	33.007748	436.924011	200.948044	749.707581	41.767487	34.296986	54.117962	30.451687	33.007748	40.250687	39.516197	44.584942	44.949944	49.978386	0	0	0	0	0	0	spn	s	"aI	V	1	XXNONVERBALXX	34.896431	42.919685	34.896431	42.919685	nervous-55	surprised-15	-1	0	None
33.007748	33.087749	--undefined--	--undefined--	--undefined--	50.000935	44.890587	52.492138	33.007748	33.087749	49.978386	52.488358	51.893776	48.675888	44.890587	0	0	0	0	0	0	s	V	spn	V	1	suppose	36.726540	44.370399	31.931890	35.320068	thinking-40	None	-5	0	None
33.087749	33.117748	--undefined--	--undefined--	--undefined--	46.447685	42.077938	52.789528	33.087749	33.117748	44.890587	42.077938	46.032707	52.789528	52.789528	0	0	0	0	0	0	V	p	s	V	2	suppose	36.726540	44.370399	30.817154	41.348656	thinking-40	None	-4	0	None
33.117748	33.147747	--undefined--	--undefined--	--undefined--	57.108261	52.789528	60.802246	33.117748	33.147747	52.789528	56.050571	58.790695	60.802246	60.802246	0	0	0	0	0	0	p	"oU	V	"oU	3	suppose	36.726540	44.370399	39.080986	41.348656	thinking-40	None	-3	0	None
33.147747	33.207748	517.745422	517.745422	517.745422	62.773113	60.802246	64.313461	33.147747	33.207748	60.802246	64.066040	64.313461	62.608944	61.254898	0	0	0	0	0	0	"oU	z	p	"oU	4	suppose	36.726540	44.370399	43.894958	44.370399	thinking-40	None	-2	0	None
33.207748	33.277748	603.183960	515.687378	690.680542	56.865463	52.609409	61.254898	33.207748	33.277748	61.254898	59.862141	55.228401	54.413586	52.609409	0	0	0	0	0	0	z	D	"oU	V	5	suppose	36.726540	44.370399	39.553116	42.941673	thinking-40	None	-1	0	None
33.277748	33.307751	515.611206	340.541870	690.680542	54.962978	51.703110	59.833523	33.277748	33.307751	52.609409	51.703110	55.705872	59.833523	59.833523	0	0	0	0	0	0	D	V	z	V	1	the	38.715538	42.376839	37.056240	39.105671	thinking-40	None	-2	0	None
33.307751	33.377750	371.476013	371.476013	371.476013	63.698875	59.833523	65.667633	33.307751	33.377750	59.833523	63.618027	63.935398	65.667633	65.547470	0	0	0	0	0	0	V	"E	D	V	2	the	38.715538	42.376839	39.951469	42.376839	thinking-40	None	-1	0	None
33.377750	33.437748	371.476013	371.476013	371.476013	65.848412	65.547470	66.246475	33.377750	33.437748	65.547470	65.851395	65.648071	65.647141	66.080681	0	0	0	0	0	0	"E	r\	V	"E	1	air	38.752491	44.627556	40.567520	43.609238	thinking-40	None	-2	0	None
33.437748	33.507748	440.612793	290.143890	517.199036	63.316795	57.224670	66.080681	33.437748	33.507748	66.080681	65.925163	63.648659	59.793530	57.224670	0	0	0	0	0	0	r\	w	"E	V	2	air	38.752491	44.627556	36.937466	44.627556	thinking-40	None	-1	0	None
33.507748	33.547749	--undefined--	--undefined--	--undefined--	56.753132	56.277519	57.260929	33.507748	33.547749	57.224670	56.610584	56.277519	57.260929	56.391979	0	0	0	0	0	0	w	V	r\	V	1	was	38.341015	43.577061	39.591404	40.835518	thinking-40	None	-3	0	None
33.547749	33.577747	--undefined--	--undefined--	--undefined--	56.773396	56.391979	57.181660	33.547749	33.577747	56.391979	56.599277	56.920677	57.181660	57.181660	0	0	0	0	0	0	V	z	w	V	2	was	38.341015	43.577061	39.086990	43.577061	thinking-40	None	-2	0	None
33.577747	33.657749	339.697540	339.697540	339.697540	51.502102	43.077450	58.125542	33.577747	33.657749	57.181660	58.125542	51.415230	46.364956	43.077450	0	0	0	0	0	0	z	f	V	"E	3	was	38.341015	43.577061	36.793652	42.885136	thinking-40	None	-1	0	None
33.657749	33.747749	280.653900	230.820679	339.697540	41.328423	37.952209	45.562653	33.657749	33.747749	43.077450	41.404133	39.614491	40.009773	45.562653	0	0	0	0	0	0	f	r\	z	"E	1	fresh	35.114662	44.685204	32.480183	36.538170	thinking-40	None	-4	0	None
33.747749	33.797749	230.820679	230.820679	230.820679	60.312088	45.562653	64.180946	33.747749	33.797749	45.562653	64.113228	64.180946	63.979549	63.610035	0	0	0	0	0	0	r\	"E	f	"E	2	fresh	35.114662	44.685204	40.256168	44.685204	thinking-40	None	-3	0	None
33.797749	33.867748	516.822815	516.822815	516.822815	57.220013	51.267124	63.610035	33.797749	33.867748	63.610035	59.907703	56.526360	52.717625	51.267124	0	0	0	0	0	0	"E	S	r\	"E	3	fresh	35.114662	44.685204	39.183990	44.685204	thinking-40	None	-2	0	None
33.867748	33.987751	427.897125	290.908417	701.766296	52.548294	42.486897	61.774025	33.867748	33.987751	51.267124	53.669365	47.384052	54.128605	59.123920	0	0	0	0	0	0	S	"aU	"E	"aU	4	fresh	35.114662	44.685204	34.361126	40.374725	thinking-40	None	-1	0	None
33.987751	34.087749	--undefined--	--undefined--	--undefined--	56.875793	55.323753	59.123920	33.987751	34.087749	59.123920	57.169197	56.330189	57.142071	55.323753	0	0	0	0	0	0	"aU	t	S	"aU	1	out	36.407192	42.796265	34.940014	40.667709	thinking-40	None	-2	0	None
34.087749	34.187748	--undefined--	--undefined--	--undefined--	52.835915	49.602818	57.221809	34.087749	34.187748	55.323753	51.745872	50.716721	54.918690	57.221809	0	0	0	0	0	0	t	h	"aU	"i	2	out	36.407192	42.796265	37.874363	42.796265	thinking-40	None	-1	0	None
34.187748	34.217747	410.906067	410.906067	410.906067	58.812809	57.221809	59.563339	34.187748	34.217747	57.221809	59.015865	59.450218	59.563339	59.563339	0	0	0	0	0	0	h	"i	t	"i	1	here	41.120255	44.108574	42.796265	42.796265	thinking-40	None	-3	0	None
34.217747	34.267750	391.422485	371.938904	410.906067	60.139935	59.403343	60.950172	34.217747	34.267750	59.563339	60.793816	60.950172	59.988258	59.403343	0	0	0	0	0	0	"i	r\	h	"i	2	here	41.120255	44.108574	44.023170	44.108574	thinking-40	None	-2	0	None
34.267750	34.357750	410.216797	410.216797	410.216797	58.408314	55.903816	60.611530	34.267750	34.357750	59.403343	59.848728	58.477829	56.640221	55.903816	0	0	0	0	0	0	r\	V	"i	V	3	here	41.120255	44.108574	39.623890	42.864540	thinking-40	None	-1	0	None
34.357750	34.437748	--undefined--	--undefined--	--undefined--	56.377243	55.203747	57.335220	34.357750	34.437748	55.903816	56.320992	56.321747	56.953110	55.203747	0	0	0	0	0	0	V	n	r\	V	1	and	38.314548	42.939697	39.236748	42.789162	thinking-40	None	-3	0	None
34.437748	34.507748	--undefined--	--undefined--	--undefined--	55.577431	54.636696	56.536900	34.437748	34.507748	55.203747	56.012058	55.552334	56.536900	54.636696	0	0	0	0	0	0	n	d	V	"V	2	and	38.314548	42.939697	41.974552	42.939697	thinking-40	None	-2	0	None
34.507748	34.617748	519.734192	519.734192	519.734192	50.060482	41.416988	54.636696	34.507748	34.617748	54.636696	51.931801	52.432877	48.070148	41.416988	0	0	0	0	0	0	d	spn	n	"V	3	and	38.314548	42.939697	35.869747	40.506371	thinking-40	None	-1	0	None
34.617748	36.127998	495.417755	231.532501	703.879700	36.723541	31.281967	45.802170	34.617748	36.127998	41.416988	35.582077	39.080109	38.719101	45.802170	0	0	0	0	0	0	spn	"V	d	"V	1	XXNONVERBALXX	32.689304	40.907101	32.689304	40.907101	thinking-40	None	-1	0	None
36.127998	36.547997	515.264282	514.208862	516.319763	48.972980	38.777260	60.755394	36.127998	36.547997	45.802170	53.490597	42.824966	49.836441	47.485733	0	0	0	0	0	0	"V	spn	spn	"V	1	uh	34.644306	44.251671	34.644306	44.251671	thinking-40	None	-1	0	None
36.547997	36.944748	422.668793	340.169708	518.530151	40.748283	35.323681	50.751083	36.547997	36.944748	47.485733	36.142193	37.763580	38.753788	49.518219	0	0	0	0	0	0	spn	"aI	"V	"aI	1	XXNONVERBALXX	33.888466	39.364220	33.888466	39.364220	thinking-40	None	-1	0	None
36.944748	37.034748	443.349243	370.419434	516.279053	53.950584	49.518219	57.433388	36.944748	37.034748	49.518219	53.222649	54.813995	53.186569	57.433388	0	0	0	0	0	0	"aI	s	spn	"aI	1	i	32.434135	39.008339	32.434135	39.008339	thinking-40	None	-1	0	None
37.034748	37.154747	339.487244	339.487244	339.487244	55.655807	46.695045	67.285370	37.034748	37.154747	57.433388	55.218666	51.157249	46.695045	67.285370	0	0	0	0	0	0	s	"O	"aI	"O	1	saw	35.189381	43.289566	34.409348	42.297592	thinking-40	None	-2	0	None
37.154747	37.254745	414.181152	313.055878	515.306458	64.911392	61.497429	67.285370	37.154747	37.254745	67.285370	66.936905	65.014259	63.631424	61.497429	0	0	0	0	0	0	"O	j	s	"O	2	saw	35.189381	43.289566	36.619431	43.289566	thinking-40	None	-1	0	None
37.254745	37.304749	--undefined--	--undefined--	--undefined--	61.347946	60.737480	61.760788	37.254745	37.304749	61.497429	61.132542	61.284260	61.675179	60.737480	0	0	0	0	0	0	j	"u	"O	"u	1	you	40.208843	41.826473	40.445114	41.238064	thinking-40	None	-2	0	None
37.304749	37.364746	567.640137	515.832397	670.997131	58.266827	55.368851	60.737480	37.304749	37.364746	60.737480	60.266960	58.394665	56.889160	55.368851	0	0	0	0	0	0	"u	w	j	"u	2	you	40.208843	41.826473	40.051331	41.826473	thinking-40	None	-1	0	None
37.364746	37.394745	515.814392	515.537903	516.090881	54.897511	54.227844	55.616230	37.364746	37.394745	55.368851	54.377121	54.377121	54.227844	55.616230	0	0	0	0	0	0	w	I	"u	I	1	with	37.748695	42.178577	39.560024	42.178577	thinking-40	None	-3	0	None
37.394745	37.434746	--undefined--	--undefined--	--undefined--	54.287010	52.140293	56.079906	37.394745	37.434746	55.616230	56.079906	54.037785	52.140293	53.560860	0	0	0	0	0	0	I	T	w	I	2	with	37.748695	42.178577	40.130470	40.904652	thinking-40	None	-2	0	None
37.434746	37.494747	--undefined--	--undefined--	--undefined--	48.947746	45.391365	53.560860	37.434746	37.494747	53.560860	52.170601	47.584568	46.842461	46.631744	0	0	0	0	0	0	T	j	I	"U	3	with	37.748695	42.178577	34.953293	36.634480	thinking-40	None	-1	0	None
37.494747	37.534748	--undefined--	--undefined--	--undefined--	56.055199	46.631744	60.304565	37.494747	37.534748	46.631744	55.197376	58.270550	59.871754	60.304565	0	0	0	0	0	0	j	"U	T	"U	1	your	39.553608	43.059761	36.384331	36.634480	thinking-40	None	-3	0	None
37.534748	37.584747	537.645508	370.853912	704.437073	59.832699	58.822956	60.304565	37.534748	37.584747	60.304565	59.972931	60.256050	59.797287	58.822956	0	0	0	0	0	0	"U	r\	j	"U	2	your	39.553608	43.059761	40.170162	43.059761	thinking-40	None	-2	0	None
37.584747	37.624748	--undefined--	--undefined--	--undefined--	56.460945	53.097252	58.822956	37.584747	37.624748	58.822956	57.869629	55.912193	56.602711	53.097252	0	0	0	0	0	0	r\	b	"U	"3`	3	your	39.553608	43.059761	40.497738	41.316547	thinking-40	None	-1	0	None
37.624748	37.724747	613.864441	517.869934	794.677063	52.391361	43.305443	65.247139	37.624748	37.724747	53.097252	48.980213	43.305443	51.660610	64.663490	0	0	0	0	0	0	b	"3`	r\	"3`	1	bird	38.904114	43.760052	39.704792	41.800949	thinking-40	None	-3	0	None
37.724747	37.994747	445.931549	409.887146	517.871887	62.449471	53.913231	64.894302	37.724747	37.994747	64.663490	64.894302	63.945610	61.162685	53.913231	0	0	0	0	0	0	"3`	d	b	"3`	2	bird	38.904114	43.760052	40.105610	43.760052	thinking-40	None	-2	0	None
37.994747	38.104748	339.777496	339.777496	339.777496	45.664883	40.729298	53.913231	37.994747	38.104748	53.913231	43.328701	45.659389	44.120438	40.729298	0	0	0	0	0	0	d	spn	"3`	^	3	bird	38.904114	43.760052	34.659534	39.956997	thinking-40	None	-1	0	None
38.104748	39.199001	448.785767	231.265366	695.736267	36.007755	30.967754	56.394695	38.104748	39.199001	40.729298	34.659279	36.583115	37.031258	56.394695	0	0	0	0	0	0	spn	^	d	^	1	XXNONVERBALXX	30.435389	37.137741	30.435389	37.137741	thinking-40	None	-1	0	None