template	NADA	0	2
0.000000	1.420000	493.016052	406.892487	697.160583	54.328758	42.116096	65.338486	0.000000	1.420000	51.432819	57.182968	58.867210	46.680351	43.929787	0	0	0	0	0	0	spn	d	^	"I	1	XXNONVERBALXX	45.972603	54.232883	45.972603	54.232883	None	None	-1	0	
1.420000	1.480000	--undefined--	--undefined--	--undefined--	48.356197	42.959919	56.173500	1.420000	1.480000	43.929787	42.959919	46.171844	51.366577	56.173500	0	0	0	0	0	0	d	"I	spn	"I	1	did	41.879967	46.312462	42.736652	45.401310	nervous-65	None	-3	0	None
1.480000	1.540000	515.209778	515.209778	515.209778	56.181911	50.740883	59.923977	1.480000	1.540000	56.173500	57.606308	59.412216	56.501709	52.914780	0	0	0	0	0	0	"I	d	d	"I	2	did	41.879967	46.312462	42.615719	46.312462	nervous-65	None	-2	0	None
1.540000	1.570000	--undefined--	--undefined--	--undefined--	51.755440	50.249573	52.914780	1.540000	1.570000	52.914780	52.914780	50.249573	51.540245	52.317169	0	0	0	0	0	0	d	b	"I	A	3	did	41.879967	46.312462	40.910233	43.403740	nervous-65	None	-1	0	None
1.570000	1.630000	--undefined--	--undefined--	--undefined--	54.085712	50.156776	59.183163	1.570000	1.630000	52.317169	50.906975	54.114105	57.836090	59.183163	0	0	0	0	0	0	b	A	d	A	1	bartholomew	40.821888	48.339771	40.759880	46.718575	nervous-65	None	-9	0	None
1.630000	1.720000	594.003052	594.003052	594.003052	57.500660	53.854885	59.266243	1.630000	1.720000	59.183163	59.266243	57.922100	57.092712	54.343155	0	0	0	0	0	0	A	T	b	A	2	bartholomew	40.821888	48.339771	42.208454	46.718575	nervous-65	None	-8	0	None
1.720000	1.820000	--undefined--	--undefined--	--undefined--	50.684059	45.578861	58.742493	1.720000	1.820000	54.343155	45.810768	47.162651	51.205948	58.742493	0	0	0	0	0	0	T	"A	A	"A	3	bartholomew	40.821888	48.339771	37.704124	43.712711	nervous-65	None	-7	0	None
1.820000	1.890000	428.345886	340.520416	516.171326	60.514637	58.092171	62.220036	1.820000	1.890000	58.742493	60.380043	62.005116	61.567249	58.092171	0	0	0	0	0	0	"A	l	T	"A	4	bartholomew	40.821888	48.339771	42.383839	45.893631	nervous-65	None	-6	0	None
1.890000	1.950000	515.911926	515.911926	515.911926	57.105034	53.860374	59.305565	1.890000	1.950000	58.092171	53.860374	59.305565	55.903831	57.867508	0	0	0	0	0	0	l	V	"A	V	5	bartholomew	40.821888	48.339771	42.544121	48.339771	nervous-65	None	-5	0	None
1.950000	1.980000	515.911926	515.911926	515.911926	54.597366	52.551952	57.867508	1.950000	1.980000	57.867508	57.867508	54.797024	53.172970	52.551952	0	0	0	0	0	0	V	m	l	V	6	bartholomew	40.821888	48.339771	44.156761	45.436459	nervous-65	None	-4	0	None
1.980000	2.010000	410.544922	410.544922	410.544922	53.624439	51.928596	55.236874	1.980000	2.010000	52.551952	52.551952	51.928596	55.236874	54.780331	0	0	0	0	0	0	m	j	V	%u	7	bartholomew	40.821888	48.339771	38.987415	38.987415	nervous-65	None	-3	0	None
2.010000	2.040000	363.792877	340.405823	410.544922	55.208759	54.574127	56.418045	2.010000	2.040000	54.780331	54.780331	56.418045	54.574127	55.062527	0	0	0	0	0	0	j	%u	m	%u	8	bartholomew	40.821888	48.339771	38.240654	40.206856	nervous-65	None	-2	0	None
2.040000	2.090000	340.405823	340.405823	340.405823	54.992374	53.244194	56.959290	2.040000	2.090000	55.062527	56.959290	55.564110	54.536400	53.244194	0	0	0	0	0	0	%u	S	j	%u	9	bartholomew	40.821888	48.339771	41.842453	44.453072	nervous-65	None	-1	0	None
2.090000	2.200000	--undefined--	--undefined--	--undefined--	52.813950	48.718067	56.986408	2.090000	2.200000	53.244194	52.999443	53.481064	48.718067	56.986408	0	0	0	0	0	0	S	"oU	%u	"oU	1	show	42.028858	45.173866	42.666058	45.173866	nervous-65	None	-2	0	None
2.200000	2.330000	375.156616	340.466125	409.847107	57.320259	55.690025	58.354660	2.200000	2.330000	56.986408	56.845581	56.615681	57.324974	55.690025	0	0	0	0	0	0	"oU	j	S	"oU	2	show	42.028858	45.173866	41.587719	44.831421	nervous-65	None	-1	0	None
2.330000	2.380000	340.400818	340.400818	340.400818	55.536327	53.394272	56.972290	2.330000	2.380000	55.690025	56.837650	56.972290	54.830910	55.492790	0	0	0	0	0	0	j	"u	"oU	"u	1	you	40.211529	44.384644	40.657909	44.384644	nervous-65	None	-2	0	None
2.380000	2.410000	340.400818	340.400818	340.400818	54.966930	54.274864	55.492790	2.380000	2.410000	55.492790	55.492790	54.274864	55.133133	55.133133	0	0	0	0	0	0	"u	D	j	"u	2	you	40.211529	44.384644	41.125935	43.825851	nervous-65	None	-1	0	None
2.410000	2.440000	--undefined--	--undefined--	--undefined--	54.697296	54.112568	55.133133	2.410000	2.440000	55.133133	54.943584	54.112568	54.599892	54.599892	0	0	0	0	0	0	D	V	"u	V	1	the	40.469292	47.449116	37.088055	39.004425	nervous-65	None	-2	0	None
2.440000	2.490000	--undefined--	--undefined--	--undefined--	54.483517	52.123127	56.023212	2.440000	2.490000	54.599892	56.023212	54.315788	52.123127	55.780312	0	0	0	0	0	0	V	n	D	V	2	the	40.469292	47.449116	45.541153	47.449116	nervous-65	None	-1	0	None
2.490000	2.540000	350.649963	290.762024	410.537933	56.063065	55.369499	57.376156	2.490000	2.540000	55.780312	56.029110	57.376156	56.191483	55.369499	0	0	0	0	0	0	n	"u	V	"u	1	new	40.770081	45.975193	39.105381	44.723110	nervous-65	None	-2	0	None
2.540000	2.620000	540.937439	410.225189	671.649719	56.346500	54.931187	58.674564	2.540000	2.620000	55.369499	58.674564	56.057869	55.560905	56.127777	0	0	0	0	0	0	"u	h	n	"u	2	new	40.770081	45.975193	40.147511	45.975193	nervous-65	None	-1	0	None
2.620000	2.720000	340.425415	340.237762	340.613037	56.124729	54.217258	58.627457	2.620000	2.720000	56.127777	56.698189	56.233883	55.898365	58.474892	0	0	0	0	0	0	h	"aU	"u	"aU	1	house	41.691040	45.864811	41.864105	43.792236	nervous-65	None	-3	0	None
2.720000	2.920000	464.276611	313.027466	669.960938	55.044548	49.304241	59.402119	2.720000	2.920000	58.474892	58.717262	55.699547	51.687706	49.304241	0	0	0	0	0	0	"aU	s	h	"aU	2	house	41.691040	45.864811	42.290768	45.864811	nervous-65	None	-2	0	None
2.920000	3.010000	699.983826	699.983826	699.983826	47.211605	44.572014	49.384377	2.920000	3.010000	49.304241	46.858658	44.572014	45.398331	49.384377	0	0	0	0	0	0	s	spn	"aU	"u	3	house	41.691040	45.864811	39.660957	45.053577	nervous-65	None	-1	0	None
3.010000	3.830000	473.019714	340.893890	691.146973	47.393566	32.521748	55.075909	3.010000	3.830000	49.384377	50.394367	47.335743	43.419109	32.521748	0	0	0	0	0	0	spn	sil	s	"u	1	XXNONVERBALXX	42.569977	48.144844	42.569977	48.144844	nervous-65	None	-1	0	None
3.830000	7.860000	--undefined--	--undefined--	--undefined--	-296.139435	-300.000000	45.238068	3.830000	7.860000	32.521748	-300.000000	-300.000000	-300.000000	45.238068	0	0	0	0	0	0	sil	spn	spn	"u	1	.	25.774372	39.665951	25.774372	39.665951	nervous-65	None	-1	0	None
7.860000	8.294563	508.077789	408.617523	593.182800	51.137894	43.063889	57.915955	7.860000	8.294563	45.238068	53.051678	55.150192	50.511375	56.781052	0	0	0	0	0	0	spn	d	sil	"u	1	XXNONVERBALXX	43.381397	49.354321	43.381397	49.354321	nervous-65	None	-1	0	None
8.294563	8.424563	--undefined--	--undefined--	--undefined--	58.958549	50.306812	63.501545	8.294563	8.424563	56.781052	54.788620	58.721996	63.501545	59.146660	0	0	0	0	0	0	d	"u	spn	"u	1	do	47.308372	52.309803	48.808582	52.309803	nervous-65	None	-2	0	None
8.424563	8.484563	516.415833	340.004944	692.826721	58.843102	57.072758	60.897770	8.424563	8.484563	59.146660	60.192722	58.557083	58.954639	57.080078	0	0	0	0	0	0	"u	j	d	"u	2	do	47.308372	52.309803	45.219639	49.454922	nervous-65	None	-1	0	None
8.484563	8.524563	--undefined--	--undefined--	--undefined--	59.162819	57.080078	61.826000	8.484563	8.524563	57.080078	60.369385	58.696522	57.842121	61.826000	0	0	0	0	0	0	j	"u	"u	"u	1	you	47.348671	50.616570	48.959198	50.616570	nervous-65	None	-2	0	None
8.524563	8.564564	594.369812	594.369812	594.369812	59.771812	58.027645	61.826000	8.524563	8.564564	61.826000	59.828636	60.133247	58.027645	59.043560	0	0	0	0	0	0	"u	l	j	"u	2	you	47.348671	50.616570	45.738148	50.414986	nervous-65	None	-1	0	None
8.564564	8.664563	513.903381	513.903381	513.903381	61.129372	58.674107	63.299831	8.564564	8.664563	59.043560	61.303524	60.595551	62.780014	62.216217	0	0	0	0	0	0	l	"aI	"u	"aI	1	like	41.423870	52.417355	45.194946	52.417355	nervous-65	None	-3	0	None
8.664563	8.794563	379.007660	230.307373	527.707947	59.705902	52.624390	63.668789	8.664563	8.794563	62.216217	61.607162	62.113892	56.547363	52.624390	0	0	0	0	0	0	"aI	k	l	"aI	2	like	41.423870	52.417355	41.303024	47.541336	nervous-65	None	-2	0	None
8.794563	8.894564	--undefined--	--undefined--	--undefined--	49.528763	46.282524	54.499992	8.794563	8.894564	52.624390	46.336472	50.372459	47.851372	54.499992	0	0	0	0	0	0	k	I	"aI	I	3	like	41.423870	52.417355	38.884689	44.077408	nervous-65	None	-1	0	None
8.894564	8.994563	270.823090	270.823090	270.823090	53.627720	43.251427	57.744732	8.894564	8.994563	54.499992	56.309475	56.287491	53.036934	43.251427	0	0	0	0	0	0	I	t	k	I	1	it	43.281258	46.679466	43.611767	45.798702	nervous-65	None	-2	0	None
8.994563	9.124563	513.376953	513.376953	513.376953	44.331757	38.526478	50.616005	8.994563	9.124563	43.251427	41.632042	38.526478	42.179070	50.616005	0	0	0	0	0	0	t	spn	I	"U	2	it	43.281258	46.679466	42.812447	46.679466	nervous-65	None	-1	0	None
9.124563	9.910000	426.842834	289.914795	513.376953	49.101852	34.375053	59.013901	9.124563	9.910000	50.616005	50.815281	51.276241	43.388496	34.375053	0	0	0	0	0	0	spn	sil	t	"U	1	XXNONVERBALXX	44.012291	49.370514	44.012291	49.370514	nervous-65	None	-1	0	None
9.910000	30.299999	--undefined--	--undefined--	--undefined--	-299.233429	-300.000000	44.486275	9.910000	30.299999	34.375053	-300.000000	-300.000000	-300.000000	44.486275	0	0	0	0	0	0	sil	spn	spn	"U	1	.	39.182716	41.434132	39.182716	41.434132	nervous-65	None	-1	0	None
30.299999	30.872751	472.731018	408.774017	515.838440	48.510712	40.890465	56.157536	30.299999	30.872751	44.486275	48.960361	46.271477	48.188637	51.690239	0	0	0	0	0	0	spn	j	sil	"U	1	XXNONVERBALXX	42.693871	48.542175	42.693871	48.542175	nervous-65	None	-1	0	None
30.872751	30.912752	374.939331	340.671661	409.206970	50.118286	46.440788	52.424088	30.872751	30.912752	51.690239	52.424088	49.283829	46.440788	50.752472	0	0	0	0	0	0	j	"U	spn	"U	1	you	43.029705	45.181381	45.181381	45.181381	afraid-68	None	-2	0	None
30.912752	30.942753	340.489441	340.489441	340.489441	51.243443	50.376698	52.128311	30.912752	30.942753	50.752472	50.376698	50.376698	51.716301	52.128311	0	0	0	0	0	0	"U	spn	j	"U	2	you	43.029705	45.181381	42.312481	44.526413	afraid-68	None	-1	0	None
30.942753	31.122751	514.276428	514.251648	514.301208	48.055737	41.657333	52.663376	30.942753	31.122751	52.128311	48.543877	42.182583	51.242886	50.631027	0	0	0	0	0	0	spn	n	"U	"oU	1	XXNONVERBALXX	40.641396	46.633892	40.641396	46.633892	afraid-68	None	-1	0	None
31.122751	31.222752	697.439026	697.439026	697.439026	57.450451	48.713490	63.305511	31.122751	31.222752	50.631027	50.424355	60.123314	62.372192	62.697403	0	0	0	0	0	0	n	"oU	spn	"oU	1	know	41.173378	46.633892	39.605213	46.633892	afraid-68	None	-2	0	None
31.222752	31.372751	516.074158	516.074158	516.074158	59.681820	53.625862	62.697403	31.222752	31.372751	62.697403	59.663754	58.221127	60.957138	53.625862	0	0	0	0	0	0	"oU	"aI	n	"oU	2	know	41.173378	46.633892	43.052456	45.228828	afraid-68	None	-1	0	None
31.372751	31.432751	--undefined--	--undefined--	--undefined--	49.522785	44.263290	54.114857	31.372751	31.432751	53.625862	53.617252	46.397610	45.257069	54.114857	0	0	0	0	0	0	"aI	m	"oU	"aI	1	i'm	41.951378	43.760872	41.951378	43.760872	afraid-68	None	-2	0	None
31.432751	31.462751	600.642517	512.504517	688.780518	50.936333	46.117893	54.114857	31.432751	31.462751	54.114857	54.051361	54.051361	49.461220	46.117893	0	0	0	0	0	0	m	k	"aI	"A	2	i'm	41.951378	43.760872	42.590614	42.590614	afraid-68	None	-1	0	None
31.462751	31.582752	513.839417	513.839417	513.839417	51.885616	46.117893	60.295235	31.462751	31.582752	46.117893	55.067268	50.771408	48.116745	60.295235	0	0	0	0	0	0	k	"A	m	"A	1	constantly	42.275669	51.727226	38.691612	43.276386	afraid-68	None	-10	0	None
31.582752	31.662750	375.218933	340.475067	409.962769	59.643692	56.252388	62.333485	31.582752	31.662750	60.295235	58.098091	61.153038	62.333485	56.252388	0	0	0	0	0	0	"A	n	k	"A	2	constantly	42.275669	51.727226	39.939175	45.332314	afraid-68	None	-9	0	None
31.662750	31.722752	340.114899	340.114899	340.114899	58.548218	54.439030	60.643330	31.662750	31.722752	56.252388	54.439030	60.643330	60.508430	58.738571	0	0	0	0	0	0	n	s	"A	V	3	constantly	42.275669	51.727226	41.924362	49.543324	afraid-68	None	-8	0	None
31.722752	31.812752	--undefined--	--undefined--	--undefined--	52.736614	48.480549	58.738571	31.722752	31.812752	58.738571	53.854393	51.224552	49.664783	48.480549	0	0	0	0	0	0	s	t	n	V	4	constantly	42.275669	51.727226	46.471062	51.727226	afraid-68	None	-7	0	None
31.812752	31.882751	--undefined--	--undefined--	--undefined--	50.169945	44.351372	54.134903	31.812752	31.882751	48.480549	50.614506	50.453674	49.946945	54.134903	0	0	0	0	0	0	t	V	s	V	5	constantly	42.275669	51.727226	43.902149	48.744820	afraid-68	None	-6	0	None
31.882751	31.922752	515.204834	515.204834	515.204834	56.066181	52.606106	59.139816	31.882751	31.922752	54.134903	56.568829	57.881264	59.139816	52.606106	0	0	0	0	0	0	V	n	t	V	6	constantly	42.275669	51.727226	47.749023	48.205532	afraid-68	None	-5	0	None
31.922752	31.952751	--undefined--	--undefined--	--undefined--	50.823467	48.936039	52.606106	31.922752	31.952751	52.606106	48.936039	48.936039	50.551201	51.200520	0	0	0	0	0	0	n	t	V	i	7	constantly	42.275669	51.727226	44.877434	47.292511	afraid-68	None	-4	0	None
31.952751	31.992752	517.538147	517.538147	517.538147	52.713593	49.259369	58.445381	31.952751	31.992752	51.200520	51.498573	58.445381	53.164124	49.259369	0	0	0	0	0	0	t	l	n	i	8	constantly	42.275669	51.727226	44.958134	47.453911	afraid-68	None	-3	0	None
31.992752	32.032753	--undefined--	--undefined--	--undefined--	56.957203	49.259369	60.235962	31.992752	32.032753	49.259369	56.581596	59.446167	60.235962	59.262909	0	0	0	0	0	0	l	i	t	i	9	constantly	42.275669	51.727226	40.306702	43.892307	afraid-68	None	-2	0	None
32.032753	32.102753	409.783997	409.783997	409.783997	59.671429	57.916817	61.738834	32.032753	32.102753	59.262909	59.558647	61.738834	59.940788	59.461937	0	0	0	0	0	0	i	w	l	i	10	constantly	42.275669	51.727226	41.711540	47.565376	afraid-68	None	-1	0	None
32.102753	32.192753	339.994232	339.994232	339.994232	56.824928	51.051121	59.784092	32.102753	32.192753	59.461937	55.597176	51.051121	58.116791	59.784092	0	0	0	0	0	0	w	"V	i	"V	1	wondering	43.643143	47.875565	41.834793	47.427910	afraid-68	None	-8	0	None
32.192753	32.272751	339.994232	339.994232	339.994232	59.259720	54.968075	62.622673	32.192753	32.272751	59.784092	59.876106	62.622673	57.561741	54.968075	0	0	0	0	0	0	"V	n	w	"V	2	wondering	43.643143	47.875565	45.412006	47.627029	afraid-68	None	-7	0	None
32.272751	32.322754	--undefined--	--undefined--	--undefined--	54.952885	54.220638	55.619816	32.272751	32.322754	54.968075	54.452709	55.197647	55.619816	54.220638	0	0	0	0	0	0	n	d	"V	E	3	wondering	43.643143	47.875565	42.583263	45.202019	afraid-68	None	-6	0	None
32.322754	32.372753	--undefined--	--undefined--	--undefined--	55.360210	54.220638	56.640877	32.322754	32.372753	54.220638	55.612595	56.530495	54.604988	54.551666	0	0	0	0	0	0	d	E	n	E	4	wondering	43.643143	47.875565	45.397854	47.103924	afraid-68	None	-5	0	None
32.372753	32.422752	--undefined--	--undefined--	--undefined--	56.748947	54.551666	58.833221	32.372753	32.422752	54.551666	55.097115	58.246666	58.833221	57.077606	0	0	0	0	0	0	E	r\	d	E	5	wondering	43.643143	47.875565	45.209709	47.103924	afraid-68	None	-4	0	None
32.422752	32.482750	514.762268	514.762268	514.762268	57.652809	55.577293	59.173008	32.422752	32.482750	57.077606	55.577293	58.832451	59.173008	58.108631	0	0	0	0	0	0	r\	I	E	I	6	wondering	43.643143	47.875565	45.278698	47.875565	afraid-68	None	-3	0	None
32.482750	32.542751	461.792175	408.822113	514.762268	57.348724	55.326653	58.466373	32.482750	32.542751	58.108631	57.924423	58.466373	58.034378	55.326653	0	0	0	0	0	0	I	N	r\	I	7	wondering	43.643143	47.875565	40.601280	45.131645	afraid-68	None	-2	0	None
32.542751	32.572750	--undefined--	--undefined--	--undefined--	58.520470	55.326653	59.924408	32.542751	32.572750	55.326653	59.924408	59.924408	59.409710	59.421116	0	0	0	0	0	0	N	w	I	"E	8	wondering	43.643143	47.875565	42.265053	47.603439	afraid-68	None	-1	0	None
32.572750	32.602753	--undefined--	--undefined--	--undefined--	60.086853	59.421116	61.383492	32.572750	32.602753	59.421116	59.872837	59.872837	61.383492	59.669968	0	0	0	0	0	0	w	"E	N	"E	1	where	44.484539	48.810787	47.830269	48.810787	lost-76	None	-2	0	None
32.602753	32.702751	--undefined--	--undefined--	--undefined--	59.677830	57.340168	61.294399	32.602753	32.702751	59.669968	59.747078	61.171059	60.415363	58.544788	0	0	0	0	0	0	"E	h	w	"E	2	where	44.484539	48.810787	44.090332	48.810787	lost-76	None	-1	0	None
32.702751	32.822750	--undefined--	--undefined--	--undefined--	57.837467	55.476105	61.355125	32.702751	32.822750	58.544788	55.507004	58.413940	57.190331	60.471802	0	0	0	0	0	0	h	"i	"E	"i	1	he	41.372242	45.824181	40.643360	45.824181	lost-76	None	-2	0	None
32.822750	32.852753	--undefined--	--undefined--	--undefined--	58.526649	55.989693	60.471802	32.822750	32.852753	60.471802	55.989693	55.989693	59.799618	57.845493	0	0	0	0	0	0	"i	I	h	"i	2	he	41.372242	45.824181	43.558884	45.521507	lost-76	None	-1	0	None
32.852753	33.072754	290.976990	290.976990	290.976990	58.394936	50.201225	63.041847	32.852753	33.072754	57.845493	63.041847	59.132267	57.923164	50.201225	0	0	0	0	0	0	I	z	"i	I	1	is	42.752594	51.571541	42.384792	51.571541	lost-76	None	-2	0	None
33.072754	33.102753	--undefined--	--undefined--	--undefined--	51.989571	48.667641	55.264137	33.072754	33.102753	50.201225	55.264137	55.264137	48.667641	53.825294	0	0	0	0	0	0	z	spn	I	E	2	is	42.752594	51.571541	45.639862	47.655636	lost-76	None	-1	0	None
33.102753	35.372753	453.178619	291.084808	686.992554	50.535957	36.248966	61.991501	33.102753	35.372753	53.825294	46.610905	54.617695	54.370316	46.820950	0	0	0	0	0	0	spn	E	z	E	1	XXNONVERBALXX	43.307526	52.146053	43.307526	52.146053	lost-76	None	-1	0	None
35.372753	35.622749	673.969849	667.338196	680.601501	54.896061	46.820950	60.349945	35.372753	35.622749	46.820950	53.445702	54.685905	58.460922	57.451317	0	0	0	0	0	0	E	w	spn	E	1	or	40.263760	44.004120	40.263760	44.004120	lost-76	None	-1	0	None
35.622749	35.692749	313.418243	313.418243	313.418243	57.767937	56.109386	59.503407	35.622749	35.692749	57.451317	57.501915	56.896557	58.597824	59.503407	0	0	0	0	0	0	w	"E	E	"E	1	where	41.579166	43.988205	41.373680	43.978256	lost-76	None	-3	0	None
35.692749	35.782753	340.207916	340.207916	340.207916	59.418182	57.479137	61.401367	35.692749	35.782753	59.503407	61.401367	60.488056	59.346901	57.479137	0	0	0	0	0	0	"E	r\	w	"E	2	where	41.579166	43.988205	41.598869	43.988205	lost-76	None	-2	0	None
35.782753	35.842751	--undefined--	--undefined--	--undefined--	57.164837	56.198902	58.482529	35.782753	35.842751	57.479137	57.497387	56.600613	56.921829	58.482529	0	0	0	0	0	0	r\	h	"E	"i	3	where	41.579166	43.988205	41.325890	43.537086	lost-76	None	-1	0	None
35.842751	35.872749	--undefined--	--undefined--	--undefined--	56.812759	54.739655	58.482529	35.842751	35.872749	58.482529	57.571709	57.571709	56.457138	54.739655	0	0	0	0	0	0	h	"i	r\	"i	1	he	39.712044	44.870110	39.625912	44.870110	lost-76	None	-2	0	None
35.872749	35.922752	340.754395	340.754395	340.754395	55.178852	53.514271	57.060776	35.872749	35.922752	54.739655	57.060776	53.817390	53.514271	56.314285	0	0	0	0	0	0	"i	h	h	"i	2	he	39.712044	44.870110	41.517529	44.870110	lost-76	None	-1	0	None
35.922752	36.032753	392.569824	340.543060	444.596558	53.836945	50.684681	56.314285	35.922752	36.032753	56.314285	52.133446	55.590103	54.135708	51.810169	0	0	0	0	0	0	h	V	"i	V	1	has	39.599117	44.653641	39.795712	44.653641	lost-76	None	-3	0	None
36.032753	36.072754	409.041077	409.041077	409.041077	51.825634	48.527542	54.053806	36.032753	36.072754	51.810169	54.053806	51.523071	53.213573	48.527542	0	0	0	0	0	0	V	z	h	V	2	has	39.599117	44.653641	38.951519	43.216881	lost-76	None	-2	0	None
36.072754	36.162750	--undefined--	--undefined--	--undefined--	47.990356	43.042038	51.279945	36.072754	36.162750	48.527542	50.240555	48.688511	44.518974	46.309433	0	0	0	0	0	0	z	g	V	"O	3	has	39.599117	44.653641	38.889992	44.592690	lost-76	None	-1	0	None
36.162750	36.282753	461.780457	408.212769	515.348145	50.515194	43.022194	55.936775	36.162750	36.282753	46.309433	51.640591	49.416824	50.372093	55.936775	0	0	0	0	0	0	g	"O	z	"O	1	gone	41.583160	45.980316	42.778648	45.980316	lost-76	None	-3	0	None
36.282753	36.332748	514.126648	514.126648	514.126648	54.787029	52.285294	56.579338	36.282753	36.332748	55.936775	56.336880	52.285294	55.013256	52.570652	0	0	0	0	0	0	"O	n	g	"O	2	gone	41.583160	45.980316	43.819538	44.980427	lost-76	None	-2	0	None
36.332748	36.562752	551.201904	409.899384	692.504395	52.425205	44.814232	57.188896	36.332748	36.562752	52.570652	54.365559	46.856514	54.821873	45.718502	0	0	0	0	0	0	n	spn	"O	%V	3	gone	41.583160	45.980316	40.602695	45.783241	lost-76	None	-1	0	None
36.562752	40.012749	456.117920	290.825073	697.992310	47.872337	34.153999	57.942535	36.562752	40.012749	45.718502	43.653839	45.133919	39.032619	40.111549	0	0	0	0	0	0	spn	w	n	%V	1	XXNONVERBALXX	40.732246	48.833652	40.732246	48.833652	lost-76	None	-1	0	None
40.012749	40.072754	--undefined--	--undefined--	--undefined--	54.793346	40.111549	62.803963	40.012749	40.072754	40.111549	47.084503	58.357567	60.482506	62.198448	0	0	0	0	0	0	w	%V	spn	%V	1	whatever	42.022072	49.308834	41.224617	43.368206	lost-76	None	-6	0	None
40.072754	40.112755	--undefined--	--undefined--	--undefined--	62.661121	62.118736	63.439213	40.072754	40.112755	62.198448	63.328381	63.439213	62.118736	62.220810	0	0	0	0	0	0	%V	t	w	%V	2	whatever	42.022072	49.308834	45.877644	49.308834	lost-76	None	-5	0	None
40.112755	40.152756	--undefined--	--undefined--	--undefined--	62.149902	60.357822	63.410629	40.112755	40.152756	62.220810	61.822781	60.357822	62.937447	63.410629	0	0	0	0	0	0	t	"E	%V	"E	3	whatever	42.022072	49.308834	46.754456	49.308834	lost-76	None	-4	0	None
40.152756	40.192749	--undefined--	--undefined--	--undefined--	62.527729	59.387680	64.098274	40.152756	40.192749	63.410629	63.992825	64.098274	61.749222	59.387680	0	0	0	0	0	0	"E	v	t	"E	4	whatever	42.022072	49.308834	45.866234	47.532394	lost-76	None	-3	0	None
40.192749	40.292755	408.156219	408.156219	408.156219	53.482117	47.208992	59.387680	40.192749	40.292755	59.387680	53.276615	49.011429	47.208992	58.761597	0	0	0	0	0	0	v	3`	"E	3`	5	whatever	42.022072	49.308834	39.808502	48.502846	lost-76	None	-2	0	None
40.292755	40.382751	340.624664	340.624664	340.624664	58.903687	57.562111	60.422333	40.292755	40.382751	58.761597	58.254929	57.562111	59.333969	59.217422	0	0	0	0	0	0	3`	V	v	3`	6	whatever	42.022072	49.308834	42.385429	45.276451	lost-76	None	-1	0	None
40.382751	40.482750	--undefined--	--undefined--	--undefined--	55.311974	47.736149	59.217422	40.382751	40.482750	59.217422	58.819656	57.676525	50.484558	49.928356	0	0	0	0	0	0	V	m	3`	V	1	i'm	38.042992	44.980507	37.441570	44.980507	lost-76	None	-2	0	None
40.482750	40.512749	410.252472	410.252472	410.252472	47.541695	44.138832	49.928356	40.482750	40.512749	49.928356	48.272942	48.272942	47.826653	44.138832	0	0	0	0	0	0	m	d	V	"u	2	i'm	38.042992	44.980507	37.784458	43.029541	lost-76	None	-1	0	None
40.512749	40.562752	--undefined--	--undefined--	--undefined--	51.344379	44.138832	59.818363	40.512749	40.562752	44.138832	46.515312	47.815994	59.818363	57.664307	0	0	0	0	0	0	d	"u	m	"u	1	doing	40.955803	46.078667	42.004230	46.078667	lost-76	None	-4	0	None
40.562752	40.682755	--undefined--	--undefined--	--undefined--	58.291172	53.716431	61.175026	40.562752	40.682755	57.664307	60.744034	58.906532	57.388092	53.716431	0	0	0	0	0	0	"u	I	d	"u	2	doing	40.955803	46.078667	39.082569	43.057106	lost-76	None	-3	0	None
40.682755	40.742752	--undefined--	--undefined--	--undefined--	52.281094	49.279709	54.375156	40.682755	40.742752	53.716431	50.322762	54.375156	49.279709	52.784485	0	0	0	0	0	0	I	N	"u	I	3	doing	40.955803	46.078667	43.436882	44.718128	lost-76	None	-2	0	None
40.742752	40.792747	515.746887	515.746887	515.746887	51.478962	49.306892	52.784485	40.742752	40.792747	52.784485	51.055954	51.674965	51.918777	52.132683	0	0	0	0	0	0	N	V	I	V	4	doing	40.955803	46.078667	40.557652	42.856453	lost-76	None	-1	0	None
40.792747	40.842751	--undefined--	--undefined--	--undefined--	53.816437	51.926201	55.271206	40.792747	40.842751	52.132683	54.941196	51.926201	55.271206	53.540707	0	0	0	0	0	0	V	m	N	V	1	i'm	40.962448	47.459202	41.285187	42.856453	lost-76	None	-2	0	None
40.842751	40.912750	409.850037	409.850037	409.850037	51.244019	47.144428	53.855186	40.842751	40.912750	53.540707	51.839600	53.855186	47.462402	50.508114	0	0	0	0	0	0	m	w	V	"V	2	i'm	40.962448	47.459202	40.747288	47.459202	lost-76	None	-1	0	None
40.912750	40.972748	606.736084	518.813965	694.658264	52.975800	50.508114	55.362095	40.912750	40.972748	50.508114	53.118652	51.733608	52.375778	55.017162	0	0	0	0	0	0	w	"V	m	"V	1	wondering	39.955246	46.225800	43.343334	45.206535	lost-76	None	-8	0	None
40.972748	41.012749	608.964722	518.813965	699.115417	56.515022	55.017162	57.612209	40.972748	41.012749	55.017162	56.820503	56.821903	56.303333	57.612209	0	0	0	0	0	0	"V	n	w	"V	2	wondering	39.955246	46.225800	38.056862	40.175621	lost-76	None	-7	0	None
41.012749	41.052750	594.093567	594.093567	594.093567	54.936756	51.024239	57.612209	41.012749	41.052750	57.612209	56.596176	55.322987	54.128166	51.024239	0	0	0	0	0	0	n	d	"V	3`	3	wondering	39.955246	46.225800	43.848419	45.103001	lost-76	None	-6	0	None
41.052750	41.122749	407.602356	407.602356	407.602356	53.075672	49.779976	55.085835	41.052750	41.122749	51.024239	49.779976	55.085835	52.588715	53.757111	0	0	0	0	0	0	d	3`	n	3`	4	wondering	39.955246	46.225800	42.097019	44.617920	lost-76	None	-5	0	None
41.122749	41.152756	--undefined--	--undefined--	--undefined--	54.721130	53.757111	56.447109	41.122749	41.152756	53.757111	53.811573	53.811573	54.868732	56.447109	0	0	0	0	0	0	3`	r\	d	3`	5	wondering	39.955246	46.225800	45.421860	46.225800	lost-76	None	-4	0	None
41.152756	41.202751	--undefined--	--undefined--	--undefined--	57.385166	56.447109	58.323956	41.152756	41.202751	56.447109	56.930847	57.483170	58.267864	56.858067	0	0	0	0	0	0	r\	I	3`	I	6	wondering	39.955246	46.225800	36.837490	45.381119	lost-76	None	-3	0	None
41.202751	41.232750	--undefined--	--undefined--	--undefined--	55.449444	54.594627	56.858067	41.202751	41.232750	56.858067	54.594627	54.594627	55.063660	55.281418	0	0	0	0	0	0	I	N	r\	I	7	wondering	39.955246	46.225800	34.981018	39.085411	lost-76	None	-2	0	None
41.232750	41.332748	--undefined--	--undefined--	--undefined--	55.180264	52.425873	56.721424	41.232750	41.332748	55.281418	56.721424	55.795761	55.261589	52.425873	0	0	0	0	0	0	N	w	I	"E	8	wondering	39.955246	46.225800	36.827175	42.129051	lost-76	None	-1	0	None
41.332748	41.392754	--undefined--	--undefined--	--undefined--	54.927238	50.534760	60.584164	41.332748	41.392754	52.425873	50.534760	53.819893	56.062263	60.584164	0	0	0	0	0	0	w	"E	N	"E	1	where	38.966518	44.502846	36.497356	40.078602	lost-76	None	-3	0	None
41.392754	41.582748	415.238220	312.468323	518.008118	56.094673	51.815468	60.584164	41.392754	41.582748	60.584164	56.997612	58.495003	52.914825	51.952324	0	0	0	0	0	0	"E	r\	w	"E	2	where	38.966518	44.502846	39.503796	44.502846	lost-76	None	-2	0	None
41.582748	41.612755	--undefined--	--undefined--	--undefined--	50.263008	49.165077	51.952324	41.582748	41.612755	51.952324	50.730621	50.730621	49.204025	49.165077	0	0	0	0	0	0	r\	"I	"E	"I	3	where	38.966518	44.502846	41.438034	44.502846	lost-76	None	-1	0	None
41.612755	41.822754	--undefined--	--undefined--	--undefined--	53.887207	44.093948	61.005775	41.612755	41.822754	49.165077	44.758266	59.654522	60.881630	49.997490	0	0	0	0	0	0	"I	z	r\	"I	1	is	39.810482	45.831596	39.479473	45.831596	lost-76	None	-2	0	None
41.822754	41.912750	353.356934	340.201385	366.512512	48.737114	46.771198	49.997490	41.822754	41.912750	49.997490	49.591187	49.406708	49.362122	47.735233	0	0	0	0	0	0	z	h	"I	"i	2	is	39.810482	45.831596	41.070473	44.542885	lost-76	None	-1	0	None
41.912750	42.032753	--undefined--	--undefined--	--undefined--	45.517574	36.635891	58.237003	41.912750	42.032753	47.735233	45.389133	46.609455	37.825691	58.237003	0	0	0	0	0	0	h	"i	z	"i	1	he	38.284935	43.705959	40.290447	43.705959	lost-76	None	-2	0	None
42.032753	42.312752	509.731293	340.469604	697.494751	50.870296	34.661232	64.488708	42.032753	42.312752	58.237003	61.745659	55.592110	44.137077	36.919235	0	0	0	0	0	0	"i	spn	h	"i	2	he	38.284935	43.705959	37.882961	43.488842	lost-76	None	-1	0	None
42.312752	44.392754	489.559296	313.391602	702.535400	44.878414	34.311623	53.348816	42.312752	44.392754	36.919235	41.935425	41.947323	40.107883	45.310417	0	0	0	0	0	0	spn	"aI	"i	"aI	1	XXNONVERBALXX	39.847401	48.125401	39.847401	48.125401	lost-76	None	-1	0	None
44.392754	44.422752	--undefined--	--undefined--	--undefined--	44.767204	41.544529	49.111328	44.392754	44.422752	45.310417	49.111328	49.111328	43.102539	41.544529	0	0	0	0	0	0	"aI	spn	spn	"aI	1	i	41.395409	43.838089	41.395409	43.838089	lost-76	None	-1	0	None
44.422752	44.692749	515.412720	515.412720	515.412720	45.647705	40.233021	52.938377	44.422752	44.692749	41.544529	47.001541	47.409321	41.512527	44.150902	0	0	0	0	0	0	spn	m	"aI	"i	1	XXNONVERBALXX	39.052456	46.586319	39.052456	46.586319	lost-76	None	-1	0	None
44.692749	44.752754	313.249481	313.249481	313.249481	57.505035	42.773014	67.286835	44.692749	44.752754	44.150902	42.773014	62.622547	65.769432	67.286835	0	0	0	0	0	0	m	"i	spn	"i	1	mean	40.132690	45.256424	38.974808	45.256424	lost-76	None	-3	0	None
44.752754	44.782753	--undefined--	--undefined--	--undefined--	65.229591	61.973782	67.286835	44.752754	44.782753	67.286835	66.968147	66.968147	64.689621	61.973782	0	0	0	0	0	0	"i	n	m	"i	2	mean	40.132690	45.256424	43.936466	43.936466	lost-76	None	-2	0	None
44.782753	44.812752	245.767578	245.767578	245.767578	62.456944	61.973782	63.073257	44.782753	44.812752	61.973782	62.431427	62.431427	63.073257	62.349304	0	0	0	0	0	0	n	h	"i	"i	3	mean	40.132690	45.256424	40.960442	40.960442	lost-76	None	-1	0	None
44.812752	44.842751	418.073578	245.767578	590.379578	57.756294	51.739861	62.349304	44.812752	44.842751	62.349304	60.008053	60.008053	56.927940	51.739861	0	0	0	0	0	0	h	"i	n	"i	1	he	41.522034	43.600815	41.522034	43.600815	lost-76	None	-2	0	None
44.842751	44.872749	--undefined--	--undefined--	--undefined--	52.493477	49.725182	55.301285	44.842751	44.872749	51.739861	55.301285	55.301285	53.207592	49.725182	0	0	0	0	0	0	"i	k	h	"i	2	he	41.522034	43.600815	43.600815	43.600815	lost-76	None	-1	0	None
44.872749	44.972755	--undefined--	--undefined--	--undefined--	51.603870	47.077847	61.319183	44.872749	44.972755	49.725182	47.729469	51.099113	53.906025	61.319183	0	0	0	0	0	0	k	"{	"i	"{	1	can't	41.312775	46.893349	39.150063	43.617973	lost-76	None	-3	0	None
44.972755	45.082748	--undefined--	--undefined--	--undefined--	61.728405	57.257401	64.127563	44.972755	45.082748	61.319183	63.327599	63.577469	60.527767	57.257401	0	0	0	0	0	0	"{	n	k	"{	2	can't	41.312775	46.893349	42.876404	46.893349	lost-76	None	-2	0	None
45.082748	45.112755	--undefined--	--undefined--	--undefined--	55.076694	53.214184	57.257401	45.082748	45.112755	57.257401	56.495232	56.495232	53.339954	53.214184	0	0	0	0	0	0	n	h	"{	"{	3	can't	41.312775	46.893349	42.145466	42.145466	lost-76	None	-1	0	None
45.112755	45.142754	--undefined--	--undefined--	--undefined--	52.843971	51.872597	54.014038	45.112755	45.142754	53.214184	52.275063	52.275063	54.014038	51.872597	0	0	0	0	0	0	h	"{	n	"{	1	have	39.367905	48.279335	37.641743	48.279335	lost-76	None	-3	0	None
45.142754	45.182755	--undefined--	--undefined--	--undefined--	50.389801	48.724556	51.872597	45.142754	45.182755	51.872597	50.500759	51.583885	49.267216	48.724556	0	0	0	0	0	0	"{	v	h	"{	2	have	39.367905	48.279335	43.031128	43.031128	lost-76	None	-2	0	None
45.182755	45.252754	677.550293	677.550293	677.550293	46.340641	41.751144	48.724556	45.182755	45.252754	48.724556	47.296490	45.143398	47.788643	45.515961	0	0	0	0	0	0	v	dZ	"{	I	3	have	39.367905	48.279335	39.325726	43.235016	lost-76	None	-1	0	None
45.252754	45.312752	517.132568	517.132568	517.132568	49.850445	45.515961	56.136494	45.252754	45.312752	45.515961	46.159676	46.729858	52.330482	56.136494	0	0	0	0	0	0	dZ	I	v	I	1	just	40.379166	44.470844	41.275246	41.494011	lost-76	None	-3	0	None
45.312752	45.482750	408.845581	408.845581	408.845581	50.713448	41.990273	56.136494	45.312752	45.482750	56.136494	54.626728	53.065735	42.460819	45.469975	0	0	0	0	0	0	I	s	dZ	I	2	just	40.379166	44.470844	40.286259	44.470844	lost-76	None	-2	0	None
45.482750	45.512749	--undefined--	--undefined--	--undefined--	45.308044	39.679054	49.475677	45.482750	45.512749	45.469975	46.607479	46.607479	39.679054	49.475677	0	0	0	0	0	0	s	v	I	"{	3	just	40.379166	44.470844	42.943039	42.943039	lost-76	None	-1	0	None
45.512749	45.572754	--undefined--	--undefined--	--undefined--	57.990459	49.475677	65.026031	45.512749	45.572754	49.475677	52.100140	60.788139	65.026031	63.290764	0	0	0	0	0	0	v	"{	s	"{	1	vanished	40.529224	46.223415	42.719006	46.223415	lost-76	None	-6	0	None
45.572754	45.692749	518.750610	518.750610	518.750610	60.199844	56.162796	63.290764	45.572754	45.692749	63.290764	60.643265	59.982391	60.863510	56.162796	0	0	0	0	0	0	"{	n	v	"{	2	vanished	40.529224	46.223415	40.251682	45.559502	lost-76	None	-5	0	None
45.692749	45.732750	197.163223	197.163223	197.163223	57.892841	56.162796	60.295792	45.692749	45.732750	56.162796	56.567024	56.741577	59.697006	60.295792	0	0	0	0	0	0	n	I	"{	I	3	vanished	40.529224	46.223415	44.245239	44.769829	lost-76	None	-4	0	None
45.732750	45.862747	--undefined--	--undefined--	--undefined--	53.384651	48.430630	60.295792	45.732750	45.862747	60.295792	57.431149	52.097313	48.993664	49.450096	0	0	0	0	0	0	I	S	n	I	4	vanished	40.529224	46.223415	40.364159	45.054405	lost-76	None	-3	0	None
45.862747	46.032753	408.505676	407.912537	409.098816	47.101971	38.570335	50.957588	45.862747	46.032753	49.450096	50.957588	48.913788	38.570335	48.067749	0	0	0	0	0	0	S	t	I	"O	5	vanished	40.529224	46.223415	39.642143	43.713867	lost-76	None	-2	0	None
46.032753	46.062752	407.912537	407.912537	407.912537	43.321129	41.172157	48.067749	46.032753	46.062752	48.067749	41.172157	41.172157	41.185513	42.859097	0	0	0	0	0	0	t	spn	S	"O	6	vanished	40.529224	46.223415	41.121922	41.648830	lost-76	None	-1	0	None
46.062752	49.892754	506.369263	312.840820	700.020203	50.030613	36.543072	61.131676	46.062752	49.892754	42.859097	54.087440	55.348965	55.846886	48.180656	0	0	0	0	0	0	spn	"O	t	"O	1	XXNONVERBALXX	42.962753	50.374580	42.962753	50.374580	lost-76	None	-1	0	None
49.892754	49.922752	--undefined--	--undefined--	--undefined--	55.429455	48.180656	61.441151	49.892754	49.922752	48.180656	52.546570	52.546570	59.549446	61.441151	0	0	0	0	0	0	"O	l	spn	"O	1	all	43.258148	45.059700	44.383118	45.059700	lost-76	None	-2	0	None
49.922752	49.952751	--undefined--	--undefined--	--undefined--	60.467720	57.245541	62.592102	49.922752	49.952751	61.441151	62.592102	62.592102	60.592087	57.245541	0	0	0	0	0	0	l	h	"O	"i	2	all	43.258148	45.059700	41.008217	41.008217	lost-76	None	-1	0	None
49.952751	50.062752	--undefined--	--undefined--	--undefined--	53.448009	47.948982	57.245541	49.952751	50.062752	57.245541	51.342548	54.370159	51.951302	54.876156	0	0	0	0	0	0	h	"i	l	"i	1	he	45.050259	47.920540	45.050259	47.920540	lost-76	None	-2	0	None
50.062752	50.092751	516.389648	516.389648	516.389648	52.750900	50.855782	54.876156	50.062752	50.092751	54.876156	51.472351	51.472351	53.799301	50.855782	0	0	0	0	0	0	"i	n	h	"i	2	he	45.050259	47.920540	44.029346	44.029346	lost-76	None	-1	0	None
50.092751	50.442749	606.183228	514.905273	697.461182	52.451683	42.642227	59.152225	50.092751	50.442749	50.855782	48.523987	54.199333	48.708626	59.081135	0	0	0	0	0	0	n	"i	"i	"i	1	needs	42.230984	47.848362	43.506699	47.242294	lost-76	None	-4	0	None
50.442749	50.552750	495.586121	261.568115	687.060120	57.311787	49.264256	60.811424	50.442749	50.552750	59.081135	59.311844	59.470085	56.407780	49.264256	0	0	0	0	0	0	"i	d	n	"i	2	needs	42.230984	47.848362	39.814644	47.025681	lost-76	None	-3	0	None
50.552750	50.582748	--undefined--	--undefined--	--undefined--	52.641010	49.264256	54.851135	50.552750	50.582748	49.264256	52.579231	52.579231	53.869419	54.851135	0	0	0	0	0	0	d	z	"i	I	3	needs	42.230984	47.848362	43.638577	47.848362	lost-76	None	-2	0	None
50.582748	50.632751	--undefined--	--undefined--	--undefined--	52.534866	49.703331	54.851135	50.582748	50.632751	54.851135	51.816978	49.703331	52.436295	54.712566	0	0	0	0	0	0	z	I	d	I	4	needs	42.230984	47.848362	40.641388	43.724331	lost-76	None	-1	0	None
50.632751	50.672752	--undefined--	--undefined--	--undefined--	53.370667	50.522903	56.078506	50.632751	50.672752	54.712566	54.008385	51.530975	50.522903	56.078506	0	0	0	0	0	0	I	z	z	I	1	is	43.978905	47.457161	43.522461	47.457161	lost-76	None	-2	0	None
50.672752	50.712753	--undefined--	--undefined--	--undefined--	53.457043	47.413094	57.540607	50.672752	50.712753	56.078506	54.371590	57.540607	51.881405	47.413094	0	0	0	0	0	0	z	f	I	3`	2	is	43.978905	47.457161	45.442616	47.457161	lost-76	None	-1	0	None
50.712753	50.782753	372.357910	372.357910	372.357910	50.627426	45.544113	53.844379	50.712753	50.782753	47.413094	53.031441	53.844379	50.453800	52.683113	0	0	0	0	0	0	f	3`	z	3`	1	for	41.567017	48.726368	44.345566	48.726368	lost-76	None	-2	0	None
50.782753	50.832748	--undefined--	--undefined--	--undefined--	55.391422	52.683113	57.809486	50.782753	50.832748	52.683113	54.071922	55.464558	57.109489	55.209957	0	0	0	0	0	0	3`	m	f	3`	2	for	41.567017	48.726368	37.399200	44.882927	lost-76	None	-1	0	None
50.832748	50.882751	--undefined--	--undefined--	--undefined--	55.066544	53.736439	57.035389	50.832748	50.882751	55.209957	53.917160	57.035389	53.736439	56.186367	0	0	0	0	0	0	m	"i	3`	"i	1	me	38.438305	49.084549	39.578876	49.084549	lost-76	None	-2	0	None
50.882751	50.942749	482.623962	370.551056	594.696899	54.071194	45.936546	57.845596	50.882751	50.942749	56.186367	56.295223	56.030201	54.221603	45.936546	0	0	0	0	0	0	"i	t	m	"i	2	me	38.438305	49.084549	36.917549	46.575546	lost-76	None	-1	0	None
50.942749	50.992752	--undefined--	--undefined--	--undefined--	48.199314	45.201550	51.817127	50.942749	50.992752	45.936546	45.201550	50.050549	49.401974	46.788143	0	0	0	0	0	0	t	I	"i	I	1	to	38.650017	45.452446	40.648022	45.452446	lost-76	None	-2	0	None
50.992752	51.052750	--undefined--	--undefined--	--undefined--	47.298634	43.997368	50.720070	50.992752	51.052750	46.788143	44.495804	49.241341	47.196201	50.720070	0	0	0	0	0	0	I	f	t	I	2	to	38.650017	45.452446	36.086205	42.284412	lost-76	None	-1	0	None
51.052750	51.152748	517.432495	517.432495	517.432495	51.767345	46.298122	60.446564	51.052750	51.152748	50.720070	49.589050	47.393753	50.517963	60.446564	0	0	0	0	0	0	f	"aI	I	"aI	1	find	40.515755	48.429787	38.895725	46.831585	lost-76	None	-4	0	None
51.152748	51.262749	--undefined--	--undefined--	--undefined--	60.412766	57.388748	62.795570	51.152748	51.262749	60.446564	60.361885	61.532516	62.214680	57.388748	0	0	0	0	0	0	"aI	n	f	"aI	2	find	40.515755	48.429787	39.537457	47.405678	lost-76	None	-3	0	None
51.262749	51.292755	--undefined--	--undefined--	--undefined--	55.181759	53.291740	57.388748	51.262749	51.292755	57.388748	55.525402	55.525402	53.291740	54.521137	0	0	0	0	0	0	n	d	"aI	I	3	find	40.515755	48.429787	42.441902	44.693371	lost-76	None	-2	0	None
51.292755	51.322754	--undefined--	--undefined--	--undefined--	54.982162	54.209591	55.691799	51.292755	51.322754	54.521137	54.209591	54.209591	55.691799	55.506111	0	0	0	0	0	0	d	I	n	I	4	find	40.515755	48.429787	46.561577	48.429787	lost-76	None	-1	0	None
51.322754	51.362755	--undefined--	--undefined--	--undefined--	54.664001	52.046028	57.086098	51.322754	51.362755	55.506111	57.086098	52.903664	52.046028	55.778122	0	0	0	0	0	0	I	m	d	I	1	him	47.124645	48.429787	47.124645	48.429787	lost-76	None	-2	0	None
51.362755	51.392754	--undefined--	--undefined--	--undefined--	55.592224	52.404156	57.518444	51.362755	51.392754	55.778122	52.404156	52.404156	57.518444	56.668167	0	0	0	0	0	0	m	h	I	"i	2	him	47.124645	48.429787	--undefined--	--undefined--	lost-76	None	-1	0	None
51.392754	51.422752	--undefined--	--undefined--	--undefined--	55.528095	53.505192	56.894604	51.392754	51.422752	56.668167	55.044418	55.044418	56.894604	53.505192	0	0	0	0	0	0	h	"i	m	"i	1	he	46.670021	49.292160	45.795975	48.498798	lost-76	None	-2	0	None
51.422752	51.462753	594.601379	594.601379	594.601379	54.393700	52.812317	57.135281	51.422752	51.462753	53.505192	57.135281	52.812317	55.192852	53.322872	0	0	0	0	0	0	"i	m	h	"i	2	he	46.670021	49.292160	47.610306	49.292160	lost-76	None	-1	0	None
51.462753	51.522751	594.601379	594.601379	594.601379	53.478741	49.716606	55.590424	51.462753	51.522751	53.322872	55.121040	55.590424	54.524441	49.716606	0	0	0	0	0	0	m	"V	"i	"V	1	must	40.564976	48.997719	46.751240	48.975735	lost-76	None	-4	0	None
51.522751	51.552750	--undefined--	--undefined--	--undefined--	51.560543	49.146683	54.995377	51.522751	51.552750	49.716606	52.383514	52.383514	54.995377	49.146683	0	0	0	0	0	0	"V	s	m	"V	2	must	40.564976	48.997719	--undefined--	--undefined--	lost-76	None	-3	0	None
51.552750	51.582748	--undefined--	--undefined--	--undefined--	50.938477	49.146683	52.605633	51.552750	51.582748	49.146683	51.777237	51.777237	52.605633	50.224346	0	0	0	0	0	0	s	t	"V	"i	3	must	40.564976	48.997719	46.679726	47.281643	lost-76	None	-2	0	None
51.582748	51.712753	593.113159	593.113159	593.113159	49.919006	40.584717	55.306339	51.582748	51.712753	50.224346	50.885769	52.091389	55.306339	53.162365	0	0	0	0	0	0	t	b	s	"i	4	must	40.564976	48.997719	36.954197	48.997719	lost-76	None	-1	0	None
51.712753	51.762749	--undefined--	--undefined--	--undefined--	52.256832	39.411583	62.943310	51.712753	51.762749	53.162365	45.993614	39.411583	60.527565	62.943310	0	0	0	0	0	0	b	"i	t	"i	1	be	42.026489	46.928123	43.575939	44.094662	lost-76	None	-2	0	None
51.762749	52.062752	375.995941	232.080002	515.489929	55.450996	47.157307	64.771439	51.762749	52.062752	62.943310	55.736557	55.307114	49.485626	49.282246	0	0	0	0	0	0	"i	spn	b	"i	2	be	42.026489	46.928123	41.957767	46.928123	lost-76	None	-1	0	None
52.062752	52.872749	549.954346	340.808167	695.639709	48.276699	38.054512	56.892914	52.062752	52.872749	49.282246	40.318405	48.627354	51.665016	49.583900	0	0	0	0	0	0	spn	s	"i	"V	1	XXNONVERBALXX	41.793690	46.870834	41.793690	46.870834	lost-76	None	-1	0	None
52.872749	53.052750	175.728806	80.427887	271.029724	55.388973	49.583900	64.872261	52.872749	53.052750	49.583900	53.780731	54.157730	54.586205	63.067551	0	0	0	0	0	0	s	"V	spn	"V	1	somewhere	43.324196	48.683006	41.598499	45.970650	lost-76	None	-5	0	None
53.052750	53.172752	80.427887	80.427887	80.427887	60.157814	56.793694	64.258881	53.052750	53.172752	63.067551	61.439224	60.902935	59.276451	57.069450	0	0	0	0	0	0	"V	m	s	"V	2	somewhere	43.324196	48.683006	43.205231	46.678261	lost-76	None	-4	0	None
53.172752	53.212753	586.153809	586.153809	586.153809	57.275002	56.895187	58.090855	53.172752	53.212753	57.069450	58.090855	56.895187	57.012375	57.307125	0	0	0	0	0	0	m	w	"V	%E	3	somewhere	43.324196	48.683006	41.131653	42.913986	lost-76	None	-3	0	None
53.212753	53.322754	496.790283	407.426727	586.153809	57.603500	55.986820	59.451481	53.212753	53.322754	57.307125	59.143768	56.834412	55.986820	56.953491	0	0	0	0	0	0	w	%E	m	%E	4	somewhere	43.324196	48.683006	45.133461	48.090767	lost-76	None	-2	0	None
53.322754	53.512749	--undefined--	--undefined--	--undefined--	52.868401	46.519470	56.953491	53.322754	53.512749	56.953491	52.681984	56.004883	54.268097	50.176128	0	0	0	0	0	0	%E	spn	w	%E	5	somewhere	43.324196	48.683006	45.034275	48.683006	lost-76	None	-1	0	None
53.512749	55.352753	418.695892	313.141449	516.060730	50.529575	37.974113	58.585110	53.512749	55.352753	50.176128	48.022980	54.295307	41.198631	51.305290	0	0	0	0	0	0	spn	"aI	%E	"aI	1	XXNONVERBALXX	43.477188	50.409515	43.477188	50.409515	lost-76	None	-1	0	None
55.352753	55.472755	--undefined--	--undefined--	--undefined--	56.913311	46.046204	60.406807	55.352753	55.472755	51.305290	56.480907	60.043472	58.642769	57.761047	0	0	0	0	0	0	"aI	f	spn	"aI	1	i	42.792789	50.201244	42.792789	50.201244	lost-76	None	-1	0	None
55.472755	55.582748	--undefined--	--undefined--	--undefined--	57.478825	53.040077	63.934345	55.472755	55.582748	57.761047	58.467793	54.329414	59.723709	63.934345	0	0	0	0	0	0	f	"I	"aI	"I	1	fear	44.698700	50.498581	44.220840	50.498581	lost-76	None	-3	0	None
55.582748	55.652748	--undefined--	--undefined--	--undefined--	64.231590	63.257046	66.067009	55.582748	55.652748	63.934345	65.222778	63.750351	64.116989	63.695389	0	0	0	0	0	0	"I	r\	f	"I	2	fear	44.698700	50.498581	45.883575	47.016960	lost-76	None	-2	0	None
55.652748	55.842751	231.277634	231.277634	231.277634	60.500206	58.001320	63.815086	55.652748	55.842751	63.695389	60.160984	59.082832	58.521042	58.001320	0	0	0	0	0	0	r\	"aI	"I	"aI	3	fear	44.698700	50.498581	44.629948	49.005833	lost-76	None	-1	0	None
55.842751	55.872749	364.014801	364.014801	364.014801	56.025566	54.812248	58.001320	55.842751	55.872749	58.001320	55.678802	55.678802	55.609890	54.812248	0	0	0	0	0	0	"aI	m	r\	"aI	1	i	43.531696	44.174950	43.531696	44.174950	lost-76	None	-1	0	None
55.872749	55.962753	--undefined--	--undefined--	--undefined--	55.058411	53.364227	56.915340	55.872749	55.962753	54.812248	54.043159	54.440769	53.364227	56.235573	0	0	0	0	0	0	m	"eI	"aI	"eI	1	may	41.901726	51.688004	42.727242	46.427341	lost-76	None	-2	0	None
55.962753	56.182755	543.254517	512.567993	590.998901	56.935886	53.137974	60.921574	55.962753	56.182755	56.235573	56.603600	55.192677	56.292305	59.496758	0	0	0	0	0	0	"eI	spn	m	"eI	2	may	41.901726	51.688004	41.520290	51.688004	lost-76	None	-1	0	None
56.182755	56.562752	512.567993	512.567993	512.567993	50.199402	37.160889	59.496758	56.182755	56.562752	59.496758	45.562004	52.837814	46.873299	55.374569	0	0	0	0	0	0	spn	r\	"eI	"V	1	XXNONVERBALXX	42.938869	51.688004	42.938869	51.688004	lost-76	None	-1	0	None
56.562752	56.712753	--undefined--	--undefined--	--undefined--	58.269638	54.793488	63.757980	56.562752	56.712753	55.374569	57.077557	55.386719	59.578995	63.757980	0	0	0	0	0	0	r\	"V	spn	"V	1	run	43.684692	49.383385	43.895199	49.383385	lost-76	None	-3	0	None
56.712753	56.782753	411.695496	411.695496	411.695496	60.527534	56.498070	63.757980	56.712753	56.782753	63.757980	61.511185	61.134842	59.558487	56.498070	0	0	0	0	0	0	"V	n	r\	"V	2	run	43.684692	49.383385	44.877411	45.655460	lost-76	None	-2	0	None
56.782753	56.902748	--undefined--	--undefined--	--undefined--	55.040413	53.674957	56.498070	56.782753	56.902748	56.498070	53.674957	53.798363	56.208553	55.325260	0	0	0	0	0	0	n	m	"V	"{	3	run	43.684692	49.383385	43.068512	45.655460	lost-76	None	-1	0	None
56.902748	56.962753	--undefined--	--undefined--	--undefined--	56.532589	53.528904	59.788918	56.902748	56.962753	55.325260	55.695210	55.976509	56.684765	59.788918	0	0	0	0	0	0	m	"{	n	"{	1	mad	42.930676	47.125526	41.965626	44.310127	lost-76	None	-3	0	None
56.962753	57.122749	--undefined--	--undefined--	--undefined--	57.553890	47.940575	62.530670	56.962753	57.122749	59.788918	61.839272	56.073746	57.615387	53.708160	0	0	0	0	0	0	"{	d	m	"{	2	mad	42.930676	47.125526	43.387905	47.125526	lost-76	None	-2	0	None
57.122749	57.172752	--undefined--	--undefined--	--undefined--	53.732754	50.531002	55.242264	57.122749	57.172752	53.708160	50.531002	53.072670	55.242264	54.713158	0	0	0	0	0	0	d	w	"{	"I	3	mad	42.930676	47.125526	43.659500	45.786942	lost-76	None	-1	0	None
57.172752	57.292747	409.107391	409.107391	409.107391	55.542015	52.607265	58.160725	57.172752	57.292747	54.713158	55.470219	54.952068	55.305691	57.249256	0	0	0	0	0	0	w	"I	d	"I	1	with	43.442490	48.610615	44.815399	48.610615	lost-76	None	-3	0	None
57.292747	57.342751	--undefined--	--undefined--	--undefined--	55.206432	53.656712	57.249256	57.292747	57.342751	57.249256	56.673985	55.391197	54.034687	53.656712	0	0	0	0	0	0	"I	D	w	"I	2	with	43.442490	48.610615	43.241898	44.214012	lost-76	None	-2	0	None
57.342751	57.392754	--undefined--	--undefined--	--undefined--	51.352886	46.206818	55.970322	57.342751	57.392754	53.656712	50.048416	48.488434	53.746624	55.970322	0	0	0	0	0	0	D	"I	"I	"I	3	with	43.442490	48.610615	40.897259	43.452835	lost-76	None	-1	0	None
57.392754	57.422752	--undefined--	--undefined--	--undefined--	55.430580	54.975372	55.970322	57.392754	57.422752	55.970322	55.530174	55.530174	55.246445	54.975372	0	0	0	0	0	0	"I	t	D	"I	1	it	41.407249	43.629578	42.537331	43.629578	lost-76	None	-2	0	None
57.422752	57.452751	340.568787	340.568787	340.568787	55.816727	54.975372	57.072029	57.422752	57.452751	54.975372	57.072029	57.072029	55.532516	55.686974	0	0	0	0	0	0	t	"i	"I	"i	2	it	41.407249	43.629578	40.666473	42.859310	lost-76	None	-1	0	None
57.452751	57.482750	--undefined--	--undefined--	--undefined--	55.418671	54.573154	56.748310	57.452751	57.482750	55.686974	56.748310	56.748310	54.573154	54.666248	0	0	0	0	0	0	"i	v	t	"i	1	even	41.765190	47.469383	40.696918	42.859310	lost-76	None	-4	0	None
57.482750	57.562752	--undefined--	--undefined--	--undefined--	53.046299	50.226967	54.952618	57.482750	57.562752	54.666248	52.020126	50.226967	54.952618	53.034760	0	0	0	0	0	0	v	I	"i	I	2	even	41.765190	47.469383	44.750290	47.469383	lost-76	None	-3	0	None
57.562752	57.642754	--undefined--	--undefined--	--undefined--	54.265518	48.877396	58.551407	57.562752	57.642754	53.034760	57.564705	57.529488	50.514702	53.094894	0	0	0	0	0	0	I	n	v	I	3	even	41.765190	47.469383	41.811150	47.469383	lost-76	None	-2	0	None
57.642754	57.672752	--undefined--	--undefined--	--undefined--	52.510956	51.608891	53.094894	57.642754	57.672752	53.094894	51.608891	51.608891	52.416260	52.923790	0	0	0	0	0	0	n	n	I	"aU	4	even	41.765190	47.469383	38.549995	38.549995	lost-76	None	-1	0	None
57.672752	57.732750	375.186096	340.172394	410.199768	52.429295	50.637493	54.330120	57.672752	57.732750	52.923790	50.637493	52.231792	52.845951	54.330120	0	0	0	0	0	0	n	"aU	n	"aU	1	now	38.717663	44.933342	37.314381	44.010159	lost-76	None	-2	0	None
57.732750	57.912750	426.677795	340.172394	513.183167	56.466862	53.436966	59.377052	57.732750	57.912750	54.330120	58.390076	56.083225	55.944023	56.553871	0	0	0	0	0	0	"aU	V	n	"aU	2	now	38.717663	44.933342	39.626465	44.933342	lost-76	None	-1	0	None
57.912750	57.952751	--undefined--	--undefined--	--undefined--	57.781727	56.553871	58.571716	57.912750	57.952751	56.553871	58.570435	57.928001	57.284592	58.571716	0	0	0	0	0	0	V	j	"aU	V	1	a	42.816906	45.559380	42.816906	45.559380	lost-76	None	-1	0	None
57.952751	58.012756	--undefined--	--undefined--	--undefined--	57.314262	54.615860	58.931175	57.952751	58.012756	58.571716	55.878128	56.749802	58.223785	58.229332	0	0	0	0	0	0	j	"I	V	"I	1	year	43.400116	49.057579	42.713577	43.446266	lost-76	None	-3	0	None
58.012756	58.112747	--undefined--	--undefined--	--undefined--	60.328304	58.229332	62.588432	58.012756	58.112747	58.229332	59.732643	60.373577	62.588432	61.480885	0	0	0	0	0	0	"I	r\	j	"I	2	year	43.400116	49.057579	41.168011	45.742577	lost-76	None	-2	0	None
58.112747	58.322754	384.004944	83.832184	522.366882	58.820923	55.089577	61.908154	58.112747	58.322754	61.480885	57.727547	58.678814	59.124928	55.191151	0	0	0	0	0	0	r\	"A	"I	"A	3	year	43.400116	49.057579	45.331650	49.057579	lost-76	None	-1	0	None
58.322754	58.392754	515.385864	515.385864	515.385864	56.831921	55.191151	58.402866	58.322754	58.392754	55.191151	56.503998	57.162060	58.402866	56.981964	0	0	0	0	0	0	"A	n	r\	"A	1	on	43.603916	49.507385	44.367561	48.015770	lost-76	None	-2	0	None
58.392754	58.532753	511.556030	511.556030	511.556030	53.579857	46.046337	57.951756	58.392754	58.532753	56.981964	51.120487	53.707497	50.575066	57.951756	0	0	0	0	0	0	n	spn	"A	"aI	2	on	43.603916	49.507385	43.773575	49.507385	lost-76	None	-1	0	None
58.532753	58.910000	437.431946	340.679352	514.271790	48.729637	35.436787	57.951756	58.532753	58.910000	57.951756	49.592598	51.209923	45.247646	35.436787	0	0	0	0	0	0	spn	sil	n	"aI	1	XXNONVERBALXX	42.770725	49.507385	42.770725	49.507385	lost-76	None	-1	0	None
58.910000	77.979996	--undefined--	--undefined--	--undefined--	-299.392548	-300.000000	35.436787	58.910000	77.979996	35.436787	-300.000000	-300.000000	-300.000000	28.100445	0	0	0	0	0	0	sil	spn	spn	"aI	1	.	-0.867341	-0.867341	-0.867341	-0.867341	lost-76	None	-1	0	None
77.979996	78.740189	499.342010	409.175354	515.612488	49.156876	28.100445	56.227066	77.979996	78.740189	28.100445	44.137024	56.227066	49.819489	51.359810	0	0	0	0	0	0	spn	"aI	sil	"aI	1	XXNONVERBALXX	42.363262	48.826103	42.363262	48.826103	lost-76	None	-1	0	None
78.740189	78.980186	444.225494	408.977539	514.192261	57.136158	48.116005	62.591545	78.740189	78.980186	51.359810	48.116005	62.312473	55.247765	61.975651	0	0	0	0	0	0	"aI	m	spn	"aI	1	i'm	41.570534	47.462048	41.524391	47.462048	lost-76	None	-2	0	None
78.980186	79.010185	--undefined--	--undefined--	--undefined--	60.680069	58.928452	62.413181	78.980186	79.010185	61.975651	61.975651	62.413181	58.928452	59.402992	0	0	0	0	0	0	m	spn	"aI	"A	2	i'm	41.570534	47.462048	41.755085	46.304455	lost-76	None	-1	0	None
79.010185	79.110184	665.244629	665.244629	665.244629	56.515148	54.046650	59.402992	79.010185	79.110184	59.402992	57.494816	55.325245	54.499660	57.295780	0	0	0	0	0	0	spn	s	m	"A	1	XXNONVERBALXX	44.586407	48.149448	44.586407	48.149448	lost-76	None	-1	0	None
79.110184	79.160187	665.244629	665.244629	665.244629	56.012318	52.495667	64.737854	79.110184	79.160187	57.295780	54.169792	54.089947	53.284870	64.737854	0	0	0	0	0	0	s	"A	spn	"A	1	sorry	41.994976	48.149448	45.561890	48.149448	sad-78	None	-4	0	None
79.160187	79.310188	390.970673	371.923401	410.017944	61.695728	59.646744	64.737854	79.160187	79.310188	64.737854	62.037601	60.417740	61.594933	61.156368	0	0	0	0	0	0	"A	r\	s	"A	2	sorry	41.994976	48.149448	42.008636	46.323921	sad-78	None	-3	0	None
79.310188	79.380188	689.589722	689.589722	689.589722	58.830231	55.911449	61.156368	79.310188	79.380188	61.156368	59.063488	60.009346	58.354218	56.283432	0	0	0	0	0	0	r\	i	"A	i	3	sorry	41.994976	48.149448	41.621544	47.463612	sad-78	None	-2	0	None
79.380188	79.470184	94.206085	94.206085	94.206085	54.403187	50.963249	56.312847	79.380188	79.470184	56.283432	54.947704	55.184456	50.963249	55.639004	0	0	0	0	0	0	i	"{	r\	i	4	sorry	41.994976	48.149448	40.324593	42.467712	sad-78	None	-1	0	None
79.470184	79.600189	553.271118	516.724243	589.817932	56.290108	54.235603	58.438553	79.470184	79.600189	55.639004	56.443741	54.235603	55.386322	55.301537	0	0	0	0	0	0	"{	g	i	"{	1	agnes	39.684875	45.210308	38.478767	44.225449	sad-78	None	-5	0	None
79.600189	79.630188	516.511414	516.511414	516.511414	55.579945	54.483410	56.914650	79.600189	79.630188	55.301537	55.301537	56.914650	55.620186	54.483410	0	0	0	0	0	0	g	n	"{	I	2	agnes	39.684875	45.210308	43.793983	44.819397	sad-78	None	-4	0	None
79.630188	79.690186	340.076355	340.076355	340.076355	54.475288	52.325645	55.964432	79.630188	79.690186	54.483410	53.470211	55.434818	54.102673	55.964432	0	0	0	0	0	0	n	I	g	I	3	agnes	39.684875	45.210308	42.510960	45.210308	sad-78	None	-3	0	None
79.690186	79.840187	364.791290	312.984344	409.926453	54.318840	49.263195	57.794285	79.690186	79.840187	55.964432	57.708870	55.144253	52.024384	49.263195	0	0	0	0	0	0	I	s	n	I	4	agnes	39.684875	45.210308	39.805840	44.551575	sad-78	None	-2	0	None
79.840187	79.880188	--undefined--	--undefined--	--undefined--	48.878666	45.653725	50.593487	79.840187	79.880188	49.263195	50.404125	50.593487	45.653725	48.478809	0	0	0	0	0	0	s	spn	I	"V	5	agnes	39.684875	45.210308	39.082943	44.702942	sad-78	None	-1	0	None
79.880188	82.709999	463.327515	231.464691	702.689514	48.428341	37.256775	58.104286	79.880188	82.709999	48.478809	51.897427	46.457329	48.136448	42.307381	0	0	0	0	0	0	spn	sil	s	"V	1	XXNONVERBALXX	40.638954	48.655888	40.638954	48.655888	sad-78	None	-1	0	None
82.709999	87.640244	686.604004	686.604004	686.604004	-298.158142	-300.000000	42.307381	82.709999	87.640244	42.307381	-300.000000	-300.000000	-300.000000	-300.000000	0	0	0	0	0	0	sil	w	spn	"V	1	.	29.199598	41.601448	29.199598	41.601448	sad-78	None	-1	0	None
87.640244	87.860245	--undefined--	--undefined--	--undefined--	37.138519	-300.000000	62.010597	87.640244	87.860245	-300.000000	51.497669	51.599640	52.355381	62.010597	0	0	0	0	0	0	w	"V	sil	"V	1	what	42.835400	49.314529	43.527756	49.314529	sad-78	None	-3	0	None
87.860245	87.970245	--undefined--	--undefined--	--undefined--	52.347290	47.436298	62.010597	87.860245	87.970245	62.010597	55.513748	49.544926	49.163910	47.456802	0	0	0	0	0	0	"V	t	w	"V	2	what	42.835400	49.314529	42.024136	46.949890	sad-78	None	-2	0	None
87.970245	88.000244	--undefined--	--undefined--	--undefined--	49.866096	47.456802	51.346249	87.970245	88.000244	47.456802	47.456802	49.764969	50.896355	51.346249	0	0	0	0	0	0	t	p	"V	"eI	3	what	42.835400	49.314529	42.539253	45.051098	sad-78	None	-1	0	None
88.000244	88.070244	--undefined--	--undefined--	--undefined--	50.880169	46.141682	57.582985	88.000244	88.070244	51.346249	50.210403	51.747437	48.839108	57.582985	0	0	0	0	0	0	p	l	t	"eI	1	place	41.340378	46.039165	39.832863	45.051098	sad-78	None	-4	0	None
88.070244	88.140244	448.329437	448.329437	448.329437	61.363136	57.582985	64.912384	88.070244	88.140244	57.582985	62.895107	64.235680	61.341278	57.811604	0	0	0	0	0	0	l	"eI	p	"eI	2	place	41.340378	46.039165	41.060005	46.039165	sad-78	None	-3	0	None
88.140244	88.240242	422.998932	340.527100	518.567566	53.625454	49.197441	57.811604	88.140244	88.240242	57.811604	56.271748	52.698330	49.268059	52.647213	0	0	0	0	0	0	"eI	s	l	"eI	3	place	41.340378	46.039165	43.032047	45.694313	sad-78	None	-2	0	None
88.240242	88.270248	--undefined--	--undefined--	--undefined--	48.471581	38.059494	52.910633	88.240242	88.270248	52.647213	52.647213	52.910633	50.268978	38.059494	0	0	0	0	0	0	s	sil	"eI	^	4	place	41.340378	46.039165	41.017311	41.904732	sad-78	None	-1	0	None
88.270248	107.999001	--undefined--	--undefined--	--undefined--	-299.546478	-300.000000	38.059494	88.270248	107.999001	38.059494	-300.000000	-300.000000	-300.000000	-300.000000	0	0	0	0	0	0	sil	^	s	^	1	.	40.129894	40.129894	40.129894	40.129894	sad-78	None	-1	0	None