template	NADA	0	2
0.000000	2.253875	232.147018	123.875427	340.418610	-281.030701	-300.000000	45.315670	0.000000	2.253875	-300.000000	-300.000000	-300.000000	-300.000000	45.315670	0	0	0	0	0	0	sil	j	^	"E	1	.	25.260044	30.152454	25.260044	30.152454	None	None	-1	0	
2.253875	2.283875	--undefined--	--undefined--	--undefined--	48.792866	45.315670	51.326946	2.253875	2.283875	45.315670	47.810368	47.810368	50.718475	51.326946	0	0	0	0	0	0	j	"E	sil	"E	1	yep	23.981070	28.155369	26.361404	26.367914	happy-72	None	-3	0	None
2.283875	2.313875	--undefined--	--undefined--	--undefined--	45.540451	38.913605	51.326946	2.283875	2.313875	51.326946	47.761860	47.761860	44.159389	38.913605	0	0	0	0	0	0	"E	p	j	"E	2	yep	23.981070	28.155369	26.367914	26.367914	happy-72	None	-2	0	None
2.313875	2.363875	--undefined--	--undefined--	--undefined--	31.658035	24.851162	38.913605	2.313875	2.363875	38.913605	35.410507	32.275192	27.974171	24.851162	0	0	0	0	0	0	p	"aI	"E	"aI	3	yep	23.981070	28.155369	22.790901	28.155369	happy-72	None	-1	0	None
2.363875	2.393875	--undefined--	--undefined--	--undefined--	20.476755	9.452506	24.851162	2.363875	2.393875	24.851162	23.740389	23.740389	23.862957	9.452506	0	0	0	0	0	0	"aI	sil	p	"aI	1	i	20.188526	23.614199	20.188526	23.614199	happy-72	None	-1	0	None
2.393875	3.530000	--undefined--	--undefined--	--undefined--	-256.202026	-300.000000	33.052269	2.393875	3.530000	9.452506	-300.000000	-300.000000	-300.000000	30.351276	0	0	0	0	0	0	sil	spn	"aI	"A	1	.	22.603537	24.357323	22.603537	24.357323	happy-72	None	-1	0	None
3.530000	3.620000	--undefined--	--undefined--	--undefined--	36.209045	30.351276	43.360043	3.530000	3.620000	30.351276	37.223152	42.807129	40.140846	30.655010	0	0	0	0	0	0	spn	sil	sil	"A	1	XXNONVERBALXX	22.593828	27.636557	22.593828	27.636557	happy-72	None	-1	0	None
3.620000	3.696063	--undefined--	--undefined--	--undefined--	28.566236	24.518644	32.487194	3.620000	3.696063	30.655010	27.671669	27.512598	28.048201	31.745672	0	0	0	0	0	0	sil	k	spn	"A	1	.	22.853424	24.484554	22.853424	24.484554	happy-72	None	-1	0	None
3.696063	3.726063	--undefined--	--undefined--	--undefined--	40.014225	31.745672	47.728825	3.696063	3.726063	31.745672	35.912529	44.669876	44.669876	47.728825	0	0	0	0	0	0	k	"A	sil	"A	1	contacted	29.315884	35.138744	27.331068	31.935875	happy-72	None	-9	0	None
3.726063	3.816063	--undefined--	--undefined--	--undefined--	49.045433	44.949684	50.835613	3.726063	3.816063	47.728825	48.732216	50.835613	49.981686	44.949684	0	0	0	0	0	0	"A	n	k	"A	2	contacted	29.315884	35.138744	30.488403	32.868683	happy-72	None	-8	0	None
3.816063	3.856063	--undefined--	--undefined--	--undefined--	40.141003	34.397366	44.949684	3.816063	3.856063	44.949684	42.873798	41.306648	37.177521	34.397366	0	0	0	0	0	0	n	t	"A	%{	3	contacted	29.315884	35.138744	28.788773	29.904381	happy-72	None	-7	0	None
3.856063	3.896063	--undefined--	--undefined--	--undefined--	42.276726	34.397366	47.595272	3.856063	3.896063	34.397366	38.096558	44.409149	46.885292	47.595272	0	0	0	0	0	0	t	%{	n	%{	4	contacted	29.315884	35.138744	29.597580	30.778221	happy-72	None	-6	0	None
3.896063	3.936063	--undefined--	--undefined--	--undefined--	46.289398	42.230499	47.809643	3.896063	3.936063	47.595272	47.148476	47.809643	46.663097	42.230499	0	0	0	0	0	0	%{	k	t	%{	5	contacted	29.315884	35.138744	27.938543	30.778221	happy-72	None	-5	0	None
3.936063	3.966063	--undefined--	--undefined--	--undefined--	40.266167	38.446663	42.230499	3.936063	3.966063	42.230499	39.176220	38.446663	38.446663	41.211288	0	0	0	0	0	0	k	t	%{	I	6	contacted	29.315884	35.138744	29.748590	30.250362	happy-72	None	-4	0	None
3.966063	3.996063	--undefined--	--undefined--	--undefined--	42.072857	41.211288	43.657974	3.966063	3.996063	41.211288	41.351013	42.071152	42.071152	43.657974	0	0	0	0	0	0	t	I	k	I	7	contacted	29.315884	35.138744	31.761108	33.287170	happy-72	None	-3	0	None
3.996063	4.036062	--undefined--	--undefined--	--undefined--	42.579895	40.278008	44.439629	3.996063	4.036062	43.657974	44.439629	42.972855	41.551014	40.278008	0	0	0	0	0	0	I	d	t	I	8	contacted	29.315884	35.138744	31.863981	32.591286	happy-72	None	-2	0	None
4.036062	4.096063	--undefined--	--undefined--	--undefined--	36.332973	31.112593	41.809937	4.036062	4.096063	40.278008	32.585045	31.112593	38.167194	41.809937	0	0	0	0	0	0	d	s	I	"V	9	contacted	29.315884	35.138744	30.123329	35.138744	happy-72	None	-1	0	None
4.096063	4.166062	--undefined--	--undefined--	--undefined--	42.651882	36.483707	49.101234	4.096063	4.166062	41.809937	44.386360	40.675468	36.483707	49.101234	0	0	0	0	0	0	s	"V	d	"V	1	someone	30.185545	38.656078	35.780594	38.656078	happy-72	None	-6	0	None
4.166062	4.216063	--undefined--	--undefined--	--undefined--	48.799641	47.463898	49.481827	4.166062	4.216063	49.101234	48.993279	49.481827	48.295349	47.463898	0	0	0	0	0	0	"V	m	s	"V	2	someone	30.185545	38.656078	31.527401	34.107277	happy-72	None	-5	0	None
4.216063	4.246062	--undefined--	--undefined--	--undefined--	47.600826	46.822617	48.992157	4.216063	4.246062	47.463898	46.822617	47.124638	47.124638	48.992157	0	0	0	0	0	0	m	w	"V	%V	3	someone	30.185545	38.656078	28.750969	34.107277	happy-72	None	-4	0	None
4.246062	4.286062	--undefined--	--undefined--	--undefined--	48.920391	47.839119	49.411011	4.246062	4.286062	48.992157	49.345036	49.411011	49.014633	47.839119	0	0	0	0	0	0	w	%V	m	%V	4	someone	30.185545	38.656078	20.301495	23.394661	happy-72	None	-3	0	None
4.286062	4.326062	--undefined--	--undefined--	--undefined--	45.085236	43.222904	47.839119	4.286062	4.326062	47.839119	46.273121	44.711395	43.379635	43.222904	0	0	0	0	0	0	%V	n	w	%V	5	someone	30.185545	38.656078	27.702942	27.760450	happy-72	None	-2	0	None
4.326062	4.356063	--undefined--	--undefined--	--undefined--	44.577850	43.222904	45.520168	4.326062	4.356063	43.222904	44.411964	45.156357	45.156357	45.520168	0	0	0	0	0	0	n	"{	%V	"{	6	someone	30.185545	38.656078	29.854912	29.854912	happy-72	None	-1	0	None
4.356063	4.396063	--undefined--	--undefined--	--undefined--	42.634266	39.217075	46.054535	4.356063	4.396063	45.520168	46.054535	42.250366	40.129189	39.217075	0	0	0	0	0	0	"{	t	n	"{	1	at	28.340744	29.630436	28.340744	29.630436	happy-72	None	-2	0	None
4.396063	4.426063	207.852112	207.852112	207.852112	36.452171	34.936211	39.217075	4.396063	4.426063	39.217075	36.465679	35.189713	35.189713	34.936211	0	0	0	0	0	0	t	h	"{	"eI	2	at	28.340744	29.630436	26.928249	26.928249	happy-72	None	-1	0	None
4.426063	4.496062	--undefined--	--undefined--	--undefined--	38.096386	33.283611	47.824883	4.426063	4.496062	34.936211	33.900497	35.042473	40.988632	47.824883	0	0	0	0	0	0	h	"eI	t	"eI	1	halex	28.810490	38.224289	22.458294	27.808151	happy-72	None	-6	0	None
4.496062	4.606063	--undefined--	--undefined--	--undefined--	48.760914	47.481037	49.831192	4.496062	4.606063	47.824883	49.383934	49.446815	48.493710	47.481037	0	0	0	0	0	0	"eI	l	h	"eI	2	halex	28.810490	38.224289	29.639231	32.433975	happy-72	None	-5	0	None
4.606063	4.676063	456.099548	228.822769	683.376343	46.246948	43.478165	47.605671	4.606063	4.676063	47.481037	47.286537	46.371365	43.478165	45.838783	0	0	0	0	0	0	l	E	"eI	E	3	halex	28.810490	38.224289	27.374783	32.316772	happy-72	None	-4	0	None
4.676063	4.756063	--undefined--	--undefined--	--undefined--	40.527481	28.447046	47.331432	4.676063	4.756063	45.838783	47.331432	41.379425	38.250610	28.447046	0	0	0	0	0	0	E	k	l	E	4	halex	28.810490	38.224289	28.260601	30.852156	happy-72	None	-3	0	None
4.756063	4.806063	--undefined--	--undefined--	--undefined--	31.594713	26.152767	37.525089	4.756063	4.806063	28.447046	26.152767	34.747459	36.163620	37.525089	0	0	0	0	0	0	k	s	E	"eI	5	halex	28.810490	38.224289	25.918674	32.412621	happy-72	None	-2	0	None
4.806063	4.926063	352.236176	231.591080	513.770447	35.103771	26.644594	39.893040	4.806063	4.926063	37.525089	37.285622	35.572807	34.215019	26.644594	0	0	0	0	0	0	s	D	k	"eI	6	halex	28.810490	38.224289	36.311176	38.224289	happy-72	None	-1	0	None
4.926063	4.956062	--undefined--	--undefined--	--undefined--	23.191738	20.059748	26.644594	4.926063	4.956062	26.644594	24.188198	21.874413	21.874413	20.059748	0	0	0	0	0	0	D	"eI	s	"eI	1	they	28.448690	30.847450	28.448690	30.847450	happy-72	None	-2	0	None
4.956062	4.986063	605.206543	515.994934	694.418091	18.693960	16.891029	20.059748	4.956062	4.986063	20.059748	18.867878	16.891029	16.891029	18.957186	0	0	0	0	0	0	"eI	sil	D	"eI	2	they	28.448690	30.847450	25.561563	25.561563	happy-72	None	-1	0	None
4.986063	5.341188	552.576233	410.734375	694.418091	23.027225	13.063131	42.009296	4.986063	5.341188	18.957186	15.899584	16.107504	42.000031	31.104836	0	0	0	0	0	0	sil	k	"eI	"V	1	.	19.735998	29.519794	19.735998	29.519794	happy-72	None	-1	0	None
5.341188	5.391187	--undefined--	--undefined--	--undefined--	39.811127	30.554932	49.610008	5.341188	5.391187	31.104836	30.554932	33.425987	45.616409	49.610008	0	0	0	0	0	0	k	"V	sil	"V	1	colored	26.482821	32.926476	23.864305	32.926476	happy-72	None	-5	0	None
5.391187	5.421188	697.803650	697.803650	697.803650	49.487854	49.377274	49.610008	5.391187	5.421188	49.610008	49.610008	49.457432	49.377274	49.506706	0	0	0	0	0	0	"V	l	k	"V	2	colored	26.482821	32.926476	30.497524	32.926476	happy-72	None	-4	0	None
5.421188	5.481187	--undefined--	--undefined--	--undefined--	48.222874	47.241043	49.506706	5.421188	5.481187	49.506706	48.798103	48.162495	47.818893	47.241043	0	0	0	0	0	0	l	3`	"V	3`	3	colored	26.482821	32.926476	25.763767	32.244247	happy-72	None	-3	0	None
5.481187	5.511187	--undefined--	--undefined--	--undefined--	42.985619	39.134850	47.241043	5.481187	5.511187	47.241043	47.241043	44.592419	39.134850	40.974155	0	0	0	0	0	0	3`	d	l	3`	4	colored	26.482821	32.926476	29.958237	30.191105	happy-72	None	-2	0	None
5.511187	5.551187	--undefined--	--undefined--	--undefined--	40.980858	40.538147	41.533298	5.511187	5.551187	40.974155	41.271561	40.538147	40.587143	41.533298	0	0	0	0	0	0	d	D	3`	V	5	colored	26.482821	32.926476	30.586964	31.125162	happy-72	None	-1	0	None
5.551187	5.581188	--undefined--	--undefined--	--undefined--	44.460106	41.533298	45.894470	5.551187	5.581188	41.533298	41.533298	44.614925	45.894470	45.797737	0	0	0	0	0	0	D	V	d	V	1	the	34.975361	41.032784	32.016121	32.907078	happy-72	None	-2	0	None
5.581188	5.651187	--undefined--	--undefined--	--undefined--	42.739563	39.844009	45.868858	5.581188	5.651187	45.797737	45.868858	41.168652	42.017738	41.967388	0	0	0	0	0	0	V	s	D	V	2	the	34.975361	41.032784	35.937912	41.032784	happy-72	None	-1	0	None
5.651187	5.731187	--undefined--	--undefined--	--undefined--	41.226559	36.827053	46.268314	5.651187	5.731187	41.967388	41.642891	42.417912	36.827053	46.268314	0	0	0	0	0	0	s	"E	V	"E	1	celluloid	28.314404	41.032784	35.391766	41.032784	happy-72	None	-7	0	None
5.731187	5.801187	453.031677	228.434662	677.628723	47.563145	45.596809	49.590691	5.731187	5.801187	46.268314	47.956894	49.590691	46.775566	45.889851	0	0	0	0	0	0	"E	l	s	"E	2	celluloid	28.314404	41.032784	27.773005	29.612537	happy-72	None	-6	0	None
5.801187	5.851187	409.728210	409.728210	409.728210	47.067158	45.889851	48.063362	5.801187	5.851187	45.889851	46.892769	47.782791	48.063362	46.281433	0	0	0	0	0	0	l	V	"E	V	3	celluloid	28.314404	41.032784	28.564001	29.612537	happy-72	None	-5	0	None
5.851187	5.901187	--undefined--	--undefined--	--undefined--	44.995220	42.170544	47.836113	5.851187	5.901187	46.281433	47.795189	47.836113	42.984695	42.903347	0	0	0	0	0	0	V	l	l	V	4	celluloid	28.314404	41.032784	27.280167	30.467525	happy-72	None	-4	0	None
5.901187	5.931187	--undefined--	--undefined--	--undefined--	43.840221	42.903347	44.385811	5.901187	5.931187	42.903347	42.903347	44.385811	44.276241	43.795486	0	0	0	0	0	0	l	%OI	V	%OI	5	celluloid	28.314404	41.032784	27.373436	29.916832	happy-72	None	-3	0	None
5.931187	6.011187	513.939453	513.939453	513.939453	41.561314	38.092510	44.400269	5.931187	6.011187	43.795486	43.933975	42.083473	38.642277	39.177429	0	0	0	0	0	0	%OI	d	l	%OI	6	celluloid	28.314404	41.032784	23.617228	28.754433	happy-72	None	-2	0	None
6.011187	6.071187	513.939453	513.939453	513.939453	33.736378	26.702888	39.177429	6.011187	6.071187	39.177429	36.904469	35.235428	33.108429	26.702888	0	0	0	0	0	0	d	f	%OI	"O	7	celluloid	28.314404	41.032784	24.966837	27.726286	happy-72	None	-1	0	None
6.071187	6.151187	479.695618	364.254913	595.136292	32.319427	24.644958	44.683853	6.071187	6.151187	26.702888	27.615860	30.759312	35.717476	44.683853	0	0	0	0	0	0	f	"O	d	"O	1	for	24.031000	32.009773	23.285381	32.009773	happy-72	None	-3	0	None
6.151187	6.231187	412.000305	412.000305	412.000305	41.876450	39.032444	44.683853	6.151187	6.231187	44.683853	41.703842	42.538849	40.208923	41.314804	0	0	0	0	0	0	"O	r\	f	"O	2	for	24.031000	32.009773	24.858675	28.827963	happy-72	None	-2	0	None
6.231187	6.281188	392.421082	83.915176	700.927002	40.212376	39.286583	41.314804	6.231187	6.281188	41.314804	39.371391	39.286583	40.072346	40.958572	0	0	0	0	0	0	r\	m	"O	"i	3	for	24.031000	32.009773	21.434530	28.882568	happy-72	None	-1	0	None
6.281188	6.311187	--undefined--	--undefined--	--undefined--	40.262184	39.591820	40.958572	6.281188	6.311187	40.958572	40.958572	40.688316	39.591820	39.810028	0	0	0	0	0	0	m	"i	r\	"i	1	me	24.724268	30.070480	16.373446	16.373446	happy-72	None	-2	0	None
6.311187	6.341187	468.526062	239.110291	697.941833	38.741249	37.181343	39.810028	6.311187	6.341187	39.810028	39.810028	39.301773	38.671841	37.181343	0	0	0	0	0	0	"i	m	m	"i	2	me	24.724268	30.070480	28.899683	30.070480	happy-72	None	-1	0	None
6.341187	6.401187	340.081848	340.081848	340.081848	30.668001	23.597645	37.181343	6.341187	6.401187	37.181343	35.858807	30.633486	27.673357	23.597645	0	0	0	0	0	0	m	"V	"i	"V	1	money	16.746109	23.100201	23.100201	23.100201	nervous-58	None	-4	0	None
6.401187	6.431187	--undefined--	--undefined--	--undefined--	22.034168	19.677933	23.597645	6.401187	6.431187	23.597645	23.597645	22.431526	22.429569	19.677933	0	0	0	0	0	0	"V	n	m	"V	2	money	16.746109	23.100201	19.646475	19.646475	nervous-58	None	-3	0	None
6.431187	6.461188	--undefined--	--undefined--	--undefined--	18.889444	18.108820	19.677933	6.431187	6.461188	19.677933	19.677933	19.032482	18.108820	18.738539	0	0	0	0	0	0	n	i	"V	i	3	money	16.746109	23.100201	14.176595	17.880146	nervous-58	None	-2	0	None
6.461188	6.531188	--undefined--	--undefined--	--undefined--	17.907646	14.139956	22.928272	6.461188	6.531188	18.738539	19.763605	14.139956	22.928272	18.889004	0	0	0	0	0	0	i	b	n	i	4	money	16.746109	23.100201	15.073330	21.992302	nervous-58	None	-1	0	None
6.531188	6.601187	--undefined--	--undefined--	--undefined--	13.147919	-14.265881	22.547590	6.531188	6.601187	18.889004	18.780615	21.250937	17.821716	-14.265881	0	0	0	0	0	0	b	"eI	i	"eI	1	baby	14.406569	21.904497	14.406569	21.904497	nervous-58	None	-4	0	None
6.601187	6.641187	--undefined--	--undefined--	--undefined--	-199.231552	-300.000000	-14.265881	6.601187	6.641187	-14.265881	-81.891876	-300.000000	-300.000000	-300.000000	0	0	0	0	0	0	"eI	b	b	"eI	2	baby	14.406569	21.904497	-2.090438	-2.090438	nervous-58	None	-3	0	None
6.641187	6.671188	--undefined--	--undefined--	--undefined--	-300.000000	-300.000000	-300.000000	6.641187	6.671188	-300.000000	-300.000000	-300.000000	-300.000000	-300.000000	0	0	0	0	0	0	b	i	"eI	i	3	baby	14.406569	21.904497	--undefined--	--undefined--	nervous-58	None	-2	0	None
6.671188	6.701188	--undefined--	--undefined--	--undefined--	-300.000000	-300.000000	-300.000000	6.671188	6.701188	-300.000000	-300.000000	-300.000000	-300.000000	-300.000000	0	0	0	0	0	0	i	m	b	i	4	baby	14.406569	21.904497	--undefined--	--undefined--	nervous-58	None	-1	0	None
6.701188	6.751188	--undefined--	--undefined--	--undefined--	-300.000000	-300.000000	-300.000000	6.701188	6.751188	-300.000000	-300.000000	-300.000000	-300.000000	-300.000000	0	0	0	0	0	0	m	"i	i	"i	1	me	--undefined--	--undefined--	--undefined--	--undefined--	nervous-58	None	-2	0	None
6.751188	6.811187	--undefined--	--undefined--	--undefined--	-300.000000	-300.000000	-300.000000	6.751188	6.811187	-300.000000	-300.000000	-300.000000	-300.000000	-300.000000	0	0	0	0	0	0	"i	V	m	"i	2	me	--undefined--	--undefined--	--undefined--	--undefined--	nervous-58	None	-1	0	None
6.811187	6.841187	--undefined--	--undefined--	--undefined--	-300.000000	-300.000000	-300.000000	6.811187	6.841187	-300.000000	-300.000000	-300.000000	-300.000000	-300.000000	0	0	0	0	0	0	V	n	"i	V	1	and	--undefined--	--undefined--	--undefined--	--undefined--	nervous-58	None	-2	0	None
6.841187	6.871188	--undefined--	--undefined--	--undefined--	-300.000000	-300.000000	-300.000000	6.841187	6.871188	-300.000000	-300.000000	-300.000000	-300.000000	-300.000000	0	0	0	0	0	0	n	sil	V	"aI	2	and	--undefined--	--undefined--	--undefined--	--undefined--	nervous-58	None	-1	0	None
6.871188	7.530000	--undefined--	--undefined--	--undefined--	-219.448669	-300.000000	32.077068	6.871188	7.530000	-300.000000	-300.000000	-300.000000	-300.000000	32.077068	0	0	0	0	0	0	sil	spn	n	"aI	1	.	18.396725	24.997217	18.396725	24.997217	nervous-58	None	-1	0	None
7.530000	8.020000	297.670105	207.546051	387.794189	43.512371	32.077068	51.567039	7.530000	8.020000	32.077068	51.034706	40.045010	42.351547	34.657372	0	0	0	0	0	0	spn	sil	sil	"aI	1	XXNONVERBALXX	26.779482	32.948822	26.779482	32.948822	nervous-58	None	-1	0	None
8.020000	9.231875	450.384613	260.574127	695.620178	18.720993	10.491752	42.829556	8.020000	9.231875	34.657372	14.537730	17.479847	11.572592	41.568893	0	0	0	0	0	0	sil	m	spn	"aI	1	.	17.819294	24.759708	17.819294	24.759708	nervous-58	None	-1	0	None
9.231875	9.311875	--undefined--	--undefined--	--undefined--	46.237267	41.568893	49.068810	9.231875	9.311875	41.568893	43.803040	47.637001	49.068810	49.053684	0	0	0	0	0	0	m	"aI	sil	"aI	1	my	25.968475	31.472099	21.729782	22.125013	nervous-58	None	-2	0	None
9.311875	9.371876	--undefined--	--undefined--	--undefined--	44.446747	35.582001	49.419708	9.311875	9.371876	49.053684	49.195061	46.167290	43.344589	35.582001	0	0	0	0	0	0	"aI	p	m	"aI	2	my	25.968475	31.472099	30.207167	31.472099	nervous-58	None	-1	0	None
9.371876	9.461876	555.077576	555.077576	555.077576	34.691689	26.743137	52.198299	9.371876	9.461876	35.582001	29.554598	26.743137	31.271086	52.198299	0	0	0	0	0	0	p	"A	"aI	"A	1	pop	23.308809	34.001396	19.114494	31.746397	nervous-58	None	-3	0	None
9.461876	9.581876	--undefined--	--undefined--	--undefined--	46.750412	37.503502	52.561073	9.461876	9.581876	52.198299	49.098007	45.605129	46.449348	37.503502	0	0	0	0	0	0	"A	p	p	"A	2	pop	23.308809	34.001396	28.199415	33.064117	nervous-58	None	-2	0	None
9.581876	9.641875	--undefined--	--undefined--	--undefined--	34.683475	28.536055	44.000084	9.581876	9.641875	37.503502	35.819450	30.811882	28.536055	44.000084	0	0	0	0	0	0	p	w	"A	"i	3	pop	23.308809	34.001396	22.452808	34.001396	nervous-58	None	-1	0	None
9.641875	9.691875	--undefined--	--undefined--	--undefined--	49.137955	44.000084	52.271858	9.641875	9.691875	44.000084	49.191658	52.136444	52.271858	46.959831	0	0	0	0	0	0	w	"i	p	"i	1	we	25.692022	34.169529	27.717337	34.169529	nervous-58	None	-2	0	None
9.691875	9.721876	514.276733	514.276733	514.276733	46.753384	46.387768	46.959831	9.691875	9.721876	46.959831	46.959831	46.829277	46.836655	46.387768	0	0	0	0	0	0	"i	b	w	"i	2	we	25.692022	34.169529	15.734718	15.903990	nervous-58	None	-1	0	None
9.721876	9.781876	514.276733	514.276733	514.276733	43.545437	40.711426	46.387768	9.721876	9.781876	46.387768	46.241364	42.188370	40.711426	44.506149	0	0	0	0	0	0	b	I	"i	I	1	believe	28.372717	33.971146	26.747427	31.471756	nervous-58	None	-5	0	None
9.781876	9.811876	--undefined--	--undefined--	--undefined--	46.165226	44.506149	47.124348	9.781876	9.811876	44.506149	44.506149	46.577168	46.453251	47.124348	0	0	0	0	0	0	I	l	b	I	2	believe	28.372717	33.971146	29.231655	32.035686	nervous-58	None	-4	0	None
9.811876	9.911876	--undefined--	--undefined--	--undefined--	50.031788	47.124348	53.324509	9.811876	9.911876	47.124348	48.145294	50.564796	53.134827	49.245476	0	0	0	0	0	0	l	"i	I	"i	3	believe	28.372717	33.971146	29.907600	33.971146	nervous-58	None	-3	0	None
9.911876	9.961876	518.971497	518.971497	518.971497	49.280315	48.533981	50.593391	9.911876	9.961876	49.245476	48.533981	48.742714	49.975433	48.590881	0	0	0	0	0	0	"i	v	l	"i	4	believe	28.372717	33.971146	27.597147	33.006920	nervous-58	None	-2	0	None
9.961876	10.031876	--undefined--	--undefined--	--undefined--	44.711285	41.446491	48.590881	9.961876	10.031876	48.590881	45.177162	44.073082	41.446491	46.863445	0	0	0	0	0	0	v	I	"i	I	5	believe	28.372717	33.971146	26.830114	32.529453	nervous-58	None	-1	0	None
10.031876	10.061875	--undefined--	--undefined--	--undefined--	46.955856	45.406055	48.255554	10.031876	10.061875	46.863445	46.863445	45.406055	47.298363	48.255554	0	0	0	0	0	0	I	n	v	I	1	in	29.515347	30.968416	30.428188	30.968416	nervous-58	None	-2	0	None
10.061875	10.091876	--undefined--	--undefined--	--undefined--	47.469208	46.244965	48.255554	10.061875	10.091876	48.255554	48.255554	47.873871	47.502445	46.244965	0	0	0	0	0	0	n	j	I	"u	2	in	29.515347	30.968416	28.602505	29.272449	nervous-58	None	-1	0	None
10.091876	10.151875	--undefined--	--undefined--	--undefined--	40.538982	36.866459	46.244965	10.091876	10.151875	46.244965	43.787041	36.866459	38.907341	38.078690	0	0	0	0	0	0	j	"u	n	"u	1	you	25.853031	32.030079	27.833746	32.030079	nervous-58	None	-2	0	None
10.151875	10.261876	--undefined--	--undefined--	--undefined--	31.747856	20.640007	38.343231	10.151875	10.261876	38.078690	37.199192	36.536900	26.105404	22.740284	0	0	0	0	0	0	"u	sil	j	"u	2	you	25.853031	32.030079	25.099293	30.377167	nervous-58	None	-1	0	None
10.261876	10.874439	89.364220	89.364220	89.364220	20.519556	13.985260	39.239193	10.261876	10.874439	22.740284	21.124046	15.695228	23.081293	29.624901	0	0	0	0	0	0	sil	w	"u	"I	1	.	20.072325	33.234665	20.072325	33.234665	nervous-58	None	-1	0	None
10.874439	10.904438	--undefined--	--undefined--	--undefined--	33.856361	29.624901	36.621014	10.874439	10.904438	29.624901	33.979412	33.979412	35.200123	36.621014	0	0	0	0	0	0	w	"I	sil	"I	1	we're	20.670811	28.033163	17.738354	25.205994	nervous-58	None	-2	0	None
10.904438	10.934439	--undefined--	--undefined--	--undefined--	39.259575	36.621014	41.680923	10.904438	10.934439	36.621014	39.068035	39.068035	39.668327	41.680923	0	0	0	0	0	0	"I	I	w	"I	2	we're	20.670811	28.033163	23.603268	28.033163	nervous-58	None	-1	0	None
10.934439	10.964439	--undefined--	--undefined--	--undefined--	43.236282	41.680923	44.181641	10.934439	10.964439	41.680923	43.132549	43.132549	43.950012	44.181641	0	0	0	0	0	0	I	n	"I	I	1	invested	26.853928	31.188911	25.555729	29.652575	nervous-58	None	-8	0	None
10.964439	10.994438	--undefined--	--undefined--	--undefined--	42.612854	40.177376	44.181641	10.964439	10.994438	44.181641	43.802078	43.802078	42.290321	40.177376	0	0	0	0	0	0	n	v	I	"E	2	invested	26.853928	31.188911	27.365198	27.365198	nervous-58	None	-7	0	None
10.994438	11.054438	--undefined--	--undefined--	--undefined--	43.146641	37.741554	52.052383	10.994438	11.054438	40.177376	38.007500	39.414497	45.063931	52.052383	0	0	0	0	0	0	v	"E	n	"E	3	invested	26.853928	31.188911	29.353308	31.016914	nervous-58	None	-6	0	None
11.054438	11.154438	550.492004	390.111267	669.077271	46.468712	39.379791	52.699379	11.054438	11.154438	52.052383	51.428432	47.192802	44.215588	39.379791	0	0	0	0	0	0	"E	s	v	"E	4	invested	26.853928	31.188911	27.472975	31.188911	nervous-58	None	-5	0	None
11.154438	11.204439	351.068909	312.026520	390.111267	40.679920	39.379791	41.843597	11.154438	11.204439	39.379791	40.000725	40.451790	41.843597	40.928101	0	0	0	0	0	0	s	t	"E	V	5	invested	26.853928	31.188911	26.292734	30.789658	nervous-58	None	-4	0	None
11.204439	11.234438	312.026520	312.026520	312.026520	37.432190	33.148872	40.928101	11.204439	11.234438	40.928101	36.778568	36.778568	33.148872	38.873222	0	0	0	0	0	0	t	V	s	V	6	invested	26.853928	31.188911	--undefined--	--undefined--	nervous-58	None	-3	0	None
11.234438	11.264439	--undefined--	--undefined--	--undefined--	38.204796	36.616241	39.694172	11.234438	11.264439	38.873222	39.694172	39.694172	37.635540	36.616241	0	0	0	0	0	0	V	d	t	V	7	invested	26.853928	31.188911	26.131779	26.131779	nervous-58	None	-2	0	None
11.264439	11.294439	--undefined--	--undefined--	--undefined--	37.665382	36.299904	40.873253	11.264439	11.294439	36.616241	36.299904	36.299904	36.872128	40.873253	0	0	0	0	0	0	d	D	V	"{	8	invested	26.853928	31.188911	25.286692	29.422222	nervous-58	None	-1	0	None
11.294439	11.324438	--undefined--	--undefined--	--undefined--	45.359077	40.873253	48.776894	11.294439	11.324438	40.873253	44.004322	44.004322	47.781845	48.776894	0	0	0	0	0	0	D	"{	d	"{	1	that's	26.835894	33.313873	26.225430	31.299696	nervous-58	None	-4	0	None
11.324438	11.374439	--undefined--	--undefined--	--undefined--	47.421875	42.397022	49.473301	11.324438	11.374439	48.776894	48.953011	49.473301	46.182117	42.397022	0	0	0	0	0	0	"{	t	D	"{	2	that's	26.835894	33.313873	26.415583	29.836119	nervous-58	None	-3	0	None
11.374439	11.414438	--undefined--	--undefined--	--undefined--	37.581978	34.992317	42.397022	11.374439	11.414438	42.397022	38.546745	34.992317	35.393471	36.580318	0	0	0	0	0	0	t	s	"{	"aI	3	that's	26.835894	33.313873	22.517456	25.361534	nervous-58	None	-2	0	None
11.414438	11.464439	411.630768	411.630768	411.630768	35.043301	30.667589	37.906631	11.414438	11.464439	36.580318	37.906631	33.326012	30.667589	37.653584	0	0	0	0	0	0	s	w	t	"aI	4	that's	26.835894	33.313873	29.059641	33.313873	nervous-58	None	-1	0	None
11.464439	11.524439	340.582703	340.582703	340.582703	45.621101	37.653584	48.485302	11.464439	11.524439	37.653584	43.341583	47.682449	47.450680	48.485302	0	0	0	0	0	0	w	"aI	s	"aI	1	why	27.309294	32.337009	27.714283	32.337009	nervous-58	None	-2	0	None
11.524439	11.564438	--undefined--	--undefined--	--undefined--	46.677589	45.384785	48.485302	11.524439	11.564438	48.485302	47.623734	46.081917	45.384785	45.812222	0	0	0	0	0	0	"aI	h	w	"aI	2	why	27.309294	32.337009	27.271496	29.183044	nervous-58	None	-1	0	None
11.564438	11.594439	--undefined--	--undefined--	--undefined--	45.876095	45.311146	46.482605	11.564438	11.594439	45.812222	46.482605	46.482605	45.898403	45.311146	0	0	0	0	0	0	h	"i	"aI	"i	1	he's	29.317120	33.813873	29.058205	33.813873	nervous-58	None	-3	0	None
11.594439	11.624439	--undefined--	--undefined--	--undefined--	43.520920	41.360558	45.311146	11.594439	11.624439	45.311146	44.257694	44.257694	43.154293	41.360558	0	0	0	0	0	0	"i	z	h	"i	2	he's	29.317120	33.813873	28.598267	28.777416	nervous-58	None	-2	0	None
11.624439	11.654438	--undefined--	--undefined--	--undefined--	41.818535	40.778030	44.273190	11.624439	11.654438	41.360558	40.778030	40.778030	40.862366	44.273190	0	0	0	0	0	0	z	b	"i	I	3	he's	29.317120	33.813873	31.272663	31.272663	nervous-58	None	-1	0	None
11.654438	11.684439	--undefined--	--undefined--	--undefined--	47.721939	44.273190	49.623360	11.654438	11.684439	44.273190	47.728783	47.728783	49.262421	49.623360	0	0	0	0	0	0	b	I	z	I	1	been	28.648169	31.197037	27.952755	27.952755	nervous-58	None	-3	0	None
11.684439	11.724438	--undefined--	--undefined--	--undefined--	46.386700	44.028992	49.623360	11.684439	11.724438	49.623360	48.568275	45.178646	44.534225	44.028992	0	0	0	0	0	0	I	n	b	I	2	been	28.648169	31.197037	29.500710	30.865805	nervous-58	None	-2	0	None
11.724438	11.774439	--undefined--	--undefined--	--undefined--	41.024799	36.801044	44.028992	11.724438	11.774439	44.028992	44.013065	41.660961	37.263786	42.380951	0	0	0	0	0	0	n	s	I	"oU	3	been	28.648169	31.197037	28.140768	31.197037	nervous-58	None	-1	0	None
11.774439	11.874439	--undefined--	--undefined--	--undefined--	42.947224	35.043365	49.663727	11.774439	11.874439	42.380951	43.746529	36.779884	40.695187	49.217419	0	0	0	0	0	0	s	"oU	n	"oU	1	so	27.739868	32.168964	28.983416	32.168964	nervous-58	None	-2	0	None
11.874439	11.944439	--undefined--	--undefined--	--undefined--	46.265984	42.104355	49.217419	11.874439	11.944439	49.217419	47.488571	46.152733	42.104355	46.669292	0	0	0	0	0	0	"oU	m	s	"oU	2	so	27.739868	32.168964	27.118093	31.507750	nervous-58	None	-1	0	None
11.944439	12.044439	519.287903	519.287903	519.287903	48.143723	45.876091	50.386436	11.944439	12.044439	46.669292	45.881367	49.208115	50.386436	48.034157	0	0	0	0	0	0	m	"{	"oU	"{	1	mad	29.181036	33.584072	29.788311	33.584072	nervous-58	None	-3	0	None
12.044439	12.184439	--undefined--	--undefined--	--undefined--	45.441162	36.885712	48.409073	12.044439	12.184439	48.034157	47.519344	48.409073	44.711651	36.885712	0	0	0	0	0	0	"{	d	m	"{	2	mad	29.181036	33.584072	29.198185	32.337467	nervous-58	None	-2	0	None
12.184439	12.224438	--undefined--	--undefined--	--undefined--	31.974781	29.156378	36.885712	12.184439	12.224438	36.885712	34.680546	29.841827	29.309446	29.156378	0	0	0	0	0	0	d	h	"{	"i	3	mad	29.181036	33.584072	--undefined--	--undefined--	nervous-58	None	-1	0	None
12.224438	12.254438	--undefined--	--undefined--	--undefined--	27.165758	24.614433	29.156378	12.224438	12.254438	29.156378	27.189899	27.189899	27.702320	24.614433	0	0	0	0	0	0	h	"i	d	"i	1	here	12.306426	20.135433	11.279307	11.279307	nervous-58	None	-2	0	None
12.254438	12.284439	--undefined--	--undefined--	--undefined--	9.879100	-21.094036	24.614433	12.254438	12.284439	24.614433	23.527811	23.527811	12.468191	-21.094036	0	0	0	0	0	0	"i	sil	h	"i	2	here	12.306426	20.135433	12.819984	20.135433	nervous-58	None	-1	0	None
12.284439	16.129999	439.263062	207.700531	670.825562	-277.598419	-300.000000	35.460289	12.284439	16.129999	-21.094036	-300.000000	-300.000000	-300.000000	35.460289	0	0	0	0	0	0	sil	spn	"i	"E	1	.	24.306408	29.943279	24.306408	29.943279	nervous-58	None	-1	0	None
16.129999	16.339376	365.002930	207.700531	522.305359	38.920151	30.774551	43.825054	16.129999	16.339376	35.460289	42.561279	41.761986	30.786993	39.256386	0	0	0	0	0	0	spn	tS	sil	"E	1	XXNONVERBALXX	27.618948	32.487801	27.618948	32.487801	nervous-58	None	-1	0	None
16.339376	16.389376	--undefined--	--undefined--	--undefined--	45.736542	37.103783	52.105278	16.339376	16.389376	39.256386	43.803600	50.281635	51.868553	52.105278	0	0	0	0	0	0	tS	"E	spn	"E	1	check	29.574343	33.299255	27.949999	30.743530	nervous-58	None	-3	0	None
16.389376	16.419376	--undefined--	--undefined--	--undefined--	50.029720	47.322407	52.105278	16.389376	16.419376	52.105278	51.526810	49.164383	47.322407	47.322407	0	0	0	0	0	0	"E	k	tS	"E	2	check	29.574343	33.299255	30.614071	33.299255	nervous-58	None	-2	0	None
16.419376	16.449377	526.146057	526.146057	526.146057	47.927841	46.424976	49.993538	16.419376	16.449377	47.322407	46.424976	47.970444	49.993538	49.993538	0	0	0	0	0	0	k	"aU	"E	"aU	3	check	29.574343	33.299255	30.960583	31.376085	nervous-58	None	-1	0	None
16.449377	16.489376	526.146057	526.146057	526.146057	48.870159	46.134720	50.146530	16.449377	16.489376	49.993538	50.146530	49.414124	48.661877	46.134720	0	0	0	0	0	0	"aU	t	k	"aU	1	out	30.696571	31.100117	30.849749	31.100117	nervous-58	None	-2	0	None
16.489376	16.529377	517.537537	517.537537	517.537537	40.170864	34.747540	46.134720	16.489376	16.529377	46.134720	43.095020	40.662178	36.214867	34.747540	0	0	0	0	0	0	t	D	"aU	V	2	out	30.696571	31.100117	30.570545	30.904053	nervous-58	None	-1	0	None
16.529377	16.559376	--undefined--	--undefined--	--undefined--	43.572792	34.747540	51.080673	16.529377	16.559376	34.747540	39.608528	48.854424	51.080673	51.080673	0	0	0	0	0	0	D	V	t	V	1	the	28.800959	32.057068	29.994242	29.994242	nervous-58	None	-2	0	None
16.559376	16.619377	--undefined--	--undefined--	--undefined--	44.042427	36.665291	51.080673	16.559376	16.619377	51.080673	46.647903	42.612133	39.169411	36.665291	0	0	0	0	0	0	V	p	D	V	2	the	28.800959	32.057068	28.502638	32.057068	nervous-58	None	-1	0	None
16.619377	16.679377	--undefined--	--undefined--	--undefined--	39.251431	31.927769	51.881775	16.619377	16.679377	36.665291	31.927769	32.648598	49.217457	51.881775	0	0	0	0	0	0	p	"{	V	"{	1	packaging	28.910604	33.659592	28.817810	29.931967	nervous-58	None	-7	0	None
16.679377	16.809376	409.960327	409.960327	409.960327	48.882378	42.830841	51.881775	16.679377	16.809376	51.881775	50.708549	49.686699	46.457710	42.830841	0	0	0	0	0	0	"{	k	p	"{	2	packaging	28.910604	33.659592	30.668112	33.096676	nervous-58	None	-6	0	None
16.809376	16.839376	--undefined--	--undefined--	--undefined--	41.886745	40.739193	42.830841	16.809376	16.839376	42.830841	42.318844	40.739193	41.658092	41.658092	0	0	0	0	0	0	k	I	"{	I	3	packaging	28.910604	33.659592	24.139959	27.331049	nervous-58	None	-5	0	None
16.839376	16.889376	--undefined--	--undefined--	--undefined--	41.061649	39.867016	42.167854	16.839376	16.889376	41.658092	42.102680	40.362625	40.211624	39.867016	0	0	0	0	0	0	I	dZ	k	I	4	packaging	28.910604	33.659592	23.300602	23.739109	nervous-58	None	-4	0	None
16.889376	16.929377	--undefined--	--undefined--	--undefined--	39.593842	39.363575	39.867016	16.889376	16.929377	39.867016	39.648727	39.725883	39.364002	39.363575	0	0	0	0	0	0	dZ	I	I	I	5	packaging	28.910604	33.659592	29.476501	31.951042	nervous-58	None	-3	0	None
16.929377	16.959377	--undefined--	--undefined--	--undefined--	41.183475	39.363575	42.599968	16.929377	16.959377	39.363575	40.767479	42.002876	42.599968	42.599968	0	0	0	0	0	0	I	N	dZ	I	6	packaging	28.910604	33.659592	29.064390	31.174973	nervous-58	None	-2	0	None
16.959377	16.989376	--undefined--	--undefined--	--undefined--	42.145000	40.714554	42.905865	16.959377	16.989376	42.599968	42.905865	42.359615	40.714554	40.714554	0	0	0	0	0	0	N	j	I	"{	7	packaging	28.910604	33.659592	30.503799	33.659592	nervous-58	None	-1	0	None
16.989376	17.019377	--undefined--	--undefined--	--undefined--	46.374996	40.714554	50.374332	16.989376	17.019377	40.714554	50.374332	49.241570	45.169540	45.169540	0	0	0	0	0	0	j	"{	N	"{	1	yeah	27.178370	37.561031	33.888836	37.561031	nervous-48	None	-2	0	None
17.019377	17.309376	374.705444	341.927277	409.033386	37.168983	27.193142	47.226604	17.019377	17.309376	45.169540	35.787971	36.878628	45.181641	30.702995	0	0	0	0	0	0	"{	sil	j	"{	2	yeah	27.178370	37.561031	25.500750	32.667316	nervous-48	None	-1	0	None
17.309376	26.270315	391.233948	373.155609	409.312317	-286.246521	-300.000000	32.796600	17.309376	26.270315	30.702995	-300.000000	-300.000000	-300.000000	27.470440	0	0	0	0	0	0	sil	p	"{	"I	1	.	17.085789	25.695848	17.085789	25.695848	nervous-48	None	-1	0	None
26.270315	26.320314	--undefined--	--undefined--	--undefined--	39.238194	27.470440	47.710606	26.270315	26.320314	27.470440	29.331663	39.955185	44.149033	47.710606	0	0	0	0	0	0	p	r\	sil	"I	1	pretty	28.036850	34.221256	29.852612	33.703938	nervous-48	None	-5	0	None
26.320314	26.350315	--undefined--	--undefined--	--undefined--	48.122707	47.710606	48.735126	26.320314	26.350315	47.710606	47.710606	47.819817	48.225273	48.735126	0	0	0	0	0	0	r\	"I	p	"I	2	pretty	28.036850	34.221256	28.367189	28.639353	nervous-48	None	-4	0	None
26.350315	26.420315	--undefined--	--undefined--	--undefined--	40.220436	30.924437	48.938721	26.350315	26.420315	48.735126	48.938721	42.675171	33.894566	32.123314	0	0	0	0	0	0	"I	t	r\	"I	3	pretty	28.036850	34.221256	29.526800	31.618290	nervous-48	None	-3	0	None
26.420315	26.490314	--undefined--	--undefined--	--undefined--	35.182358	26.280350	52.994820	26.420315	26.490314	32.123314	28.786274	28.046307	34.642365	52.994820	0	0	0	0	0	0	t	i	"I	i	4	pretty	28.036850	34.221256	25.841915	32.415295	nervous-48	None	-2	0	None
26.490314	26.610315	--undefined--	--undefined--	--undefined--	49.407696	41.724380	53.185581	26.490314	26.610315	52.994820	50.670589	50.529366	48.943886	41.724380	0	0	0	0	0	0	i	g	t	i	5	pretty	28.036850	34.221256	27.597740	34.221256	nervous-48	None	-1	0	None
26.610315	26.670315	--undefined--	--undefined--	--undefined--	47.596149	41.724380	52.862350	26.610315	26.670315	41.724380	41.890675	48.758995	51.696953	51.604370	0	0	0	0	0	0	g	"U	i	"U	1	good	27.814318	32.442287	26.499985	26.615170	nervous-48	None	-3	0	None
26.670315	26.740314	--undefined--	--undefined--	--undefined--	47.730736	43.684429	51.604370	26.670315	26.740314	51.604370	47.889030	48.708057	48.170856	43.684429	0	0	0	0	0	0	"U	d	g	"U	2	good	27.814318	32.442287	28.917637	32.442287	nervous-48	None	-2	0	None
26.740314	26.770315	290.684814	290.684814	290.684814	44.253410	43.684429	44.527046	26.740314	26.770315	43.684429	43.684429	44.455986	44.346180	44.527046	0	0	0	0	0	0	d	r\	"U	"aI	3	good	27.814318	32.442287	26.922007	29.674940	nervous-48	None	-1	0	None
26.770315	26.830315	314.978638	290.684814	339.272461	46.437664	44.527046	47.939270	26.770315	26.830315	44.527046	45.626694	47.939270	47.554089	46.399178	0	0	0	0	0	0	r\	"aI	d	"aI	1	right	22.589838	31.964319	25.439154	29.674940	nervous-48	None	-3	0	None
26.830315	26.950315	64.270615	64.270615	64.270615	45.825500	38.265385	49.245560	26.830315	26.950315	46.399178	48.785015	48.426723	45.769119	38.265385	0	0	0	0	0	0	"aI	t	r\	"aI	2	right	22.589838	31.964319	25.710247	31.964319	nervous-48	None	-2	0	None
26.950315	27.040316	64.270615	64.270615	64.270615	22.409410	-9.558701	38.265385	26.950315	27.040316	38.265385	29.773350	24.890614	21.787285	-9.558701	0	0	0	0	0	0	t	sil	"aI	"{	3	right	22.589838	31.964319	16.143845	22.224016	nervous-48	None	-1	0	None
27.040316	31.769815	--undefined--	--undefined--	--undefined--	-287.966400	-300.000000	44.269638	27.040316	31.769815	-9.558701	-300.000000	-300.000000	-300.000000	41.909607	0	0	0	0	0	0	sil	h	t	"{	1	.	21.680323	36.989601	21.680323	36.989601	nervous-48	None	-1	0	None
31.769815	31.819817	515.793945	515.793945	515.793945	45.838482	39.411888	51.121216	31.769815	31.819817	41.909607	43.559803	51.121216	48.584053	50.444313	0	0	0	0	0	0	h	"{	sil	"{	1	hand	28.479465	35.434616	27.725718	32.317577	happy-68	None	-4	0	None
31.819817	31.929815	--undefined--	--undefined--	--undefined--	49.988850	48.977093	51.004173	31.819817	31.929815	50.444313	50.568192	49.574028	49.380295	48.977093	0	0	0	0	0	0	"{	n	h	"{	2	hand	28.479465	35.434616	28.449923	35.434616	happy-68	None	-3	0	None
31.929815	31.959816	--undefined--	--undefined--	--undefined--	47.337276	45.795269	48.977093	31.929815	31.959816	48.977093	48.670807	45.905930	45.795269	45.795269	0	0	0	0	0	0	n	d	"{	"O	3	hand	28.479465	35.434616	29.486214	33.150185	happy-68	None	-2	0	None
31.959816	31.989817	--undefined--	--undefined--	--undefined--	46.029781	45.563980	47.093285	31.959816	31.989817	45.795269	47.093285	45.666588	45.563980	45.563980	0	0	0	0	0	0	d	d	n	"O	4	hand	28.479465	35.434616	31.345282	33.150185	happy-68	None	-1	0	None
31.989817	32.049816	--undefined--	--undefined--	--undefined--	43.843327	41.051823	46.317295	31.989817	32.049816	45.563980	42.854012	41.051823	44.379574	46.317295	0	0	0	0	0	0	d	r\	d	"O	1	drawn	27.419973	33.676159	32.083275	33.676159	happy-68	None	-4	0	None
32.049816	32.129814	--undefined--	--undefined--	--undefined--	50.420444	46.317295	52.002773	32.049816	32.129814	46.317295	50.658638	51.983444	51.378304	50.710697	0	0	0	0	0	0	r\	"O	d	"O	2	drawn	27.419973	33.676159	30.870487	33.676159	happy-68	None	-3	0	None
32.129814	32.229816	--undefined--	--undefined--	--undefined--	49.662399	46.784775	50.810966	32.129814	32.229816	50.710697	49.677128	49.160496	50.234684	46.784775	0	0	0	0	0	0	"O	n	r\	"O	3	drawn	27.419973	33.676159	26.471819	33.272533	happy-68	None	-2	0	None
32.229816	32.289818	--undefined--	--undefined--	--undefined--	41.097713	34.682457	46.784775	32.229816	32.289818	46.784775	44.215378	41.759499	36.335438	34.682457	0	0	0	0	0	0	n	t	"O	"u	4	drawn	27.419973	33.676159	22.223530	30.632256	happy-68	None	-1	0	None
32.289818	32.349815	--undefined--	--undefined--	--undefined--	38.930851	34.682457	50.536499	32.289818	32.349815	34.682457	37.186184	38.318581	38.541130	50.536499	0	0	0	0	0	0	t	"u	n	"u	1	too	28.254038	35.481430	31.009796	35.481430	happy-68	None	-2	0	None
32.349815	32.489815	87.471390	87.471390	87.471390	47.838062	42.356853	52.937225	32.349815	32.489815	50.536499	49.240318	48.295013	43.785877	42.356853	0	0	0	0	0	0	"u	sil	t	"u	2	too	28.254038	35.481430	26.285639	34.049484	happy-68	None	-1	0	None
32.489815	32.519814	--undefined--	--undefined--	--undefined--	37.508305	33.246861	42.356853	32.489815	32.519814	42.356853	39.456604	34.972893	33.246861	33.246861	0	0	0	0	0	0	sil	j	"u	"{	1	.	27.363453	27.891562	27.363453	27.891562	happy-68	None	-1	0	None
32.519814	32.549816	--undefined--	--undefined--	--undefined--	35.482887	31.532463	43.290871	32.519814	32.549816	33.246861	31.532463	33.861362	43.290871	43.290871	0	0	0	0	0	0	j	"{	sil	"{	1	yeah	--undefined--	--undefined--	--undefined--	--undefined--	happy-82	None	-2	0	None
32.549816	32.579819	--undefined--	--undefined--	--undefined--	38.422127	31.124313	43.290871	32.549816	32.579819	43.290871	40.244766	39.028553	31.124313	31.124313	0	0	0	0	0	0	"{	"aI	j	"{	2	yeah	--undefined--	--undefined--	--undefined--	--undefined--	happy-82	None	-1	0	None
32.579819	32.609818	522.808899	522.808899	522.808899	13.170673	-10.846539	31.124313	32.579819	32.609818	31.124313	23.559429	8.845490	-10.846539	-10.846539	0	0	0	0	0	0	"aI	sil	"{	"aI	1	i	14.357277	24.575386	14.357277	24.575386	happy-88	None	-1	0	None
32.609818	33.539066	--undefined--	--undefined--	--undefined--	-263.855499	-300.000000	34.583477	32.609818	33.539066	-10.846539	-300.000000	-300.000000	-300.000000	34.583477	0	0	0	0	0	0	sil	V	"aI	V	1	.	15.411960	25.565922	15.411960	25.565922	happy-88	None	-1	0	None
33.539066	33.569065	--undefined--	--undefined--	--undefined--	37.998394	34.583477	41.685211	33.539066	33.569065	34.583477	36.788574	38.936306	41.685211	41.685211	0	0	0	0	0	0	V	p	sil	V	1	appreciate	27.323477	32.968590	24.416809	28.002087	happy-88	None	-8	0	None
33.569065	33.599068	--undefined--	--undefined--	--undefined--	44.519440	41.685211	47.025436	33.569065	33.599068	41.685211	43.675022	45.692097	47.025436	47.025436	0	0	0	0	0	0	p	r\	V	"i	2	appreciate	27.323477	32.968590	29.780258	31.142841	happy-88	None	-7	0	None
33.599068	33.629070	--undefined--	--undefined--	--undefined--	47.304047	47.025436	47.625633	33.599068	33.629070	47.025436	47.625633	47.031013	47.534107	47.534107	0	0	0	0	0	0	r\	"i	p	"i	3	appreciate	27.323477	32.968590	32.968590	32.968590	happy-88	None	-6	0	None
33.629070	33.659069	--undefined--	--undefined--	--undefined--	47.335426	46.507477	48.510002	33.629070	33.659069	47.534107	46.507477	46.790123	48.510002	48.510002	0	0	0	0	0	0	"i	S	r\	"i	4	appreciate	27.323477	32.968590	27.192547	27.192547	happy-88	None	-5	0	None
33.659069	33.689068	--undefined--	--undefined--	--undefined--	49.175980	48.510002	49.780205	33.659069	33.689068	48.510002	49.128502	49.780205	49.285225	49.285225	0	0	0	0	0	0	S	i	"i	i	5	appreciate	27.323477	32.968590	25.388563	25.388563	happy-88	None	-4	0	None
33.689068	33.719067	339.577606	339.577606	339.577606	50.092255	49.285225	50.910980	33.689068	33.719067	49.285225	49.569687	50.603127	50.910980	50.910980	0	0	0	0	0	0	i	%eI	S	i	6	appreciate	27.323477	32.968590	--undefined--	--undefined--	happy-88	None	-3	0	None
33.719067	33.749065	--undefined--	--undefined--	--undefined--	48.613846	46.685753	50.910980	33.719067	33.749065	50.910980	48.684200	48.174431	46.685753	46.685753	0	0	0	0	0	0	%eI	t	i	%eI	7	appreciate	27.323477	32.968590	27.563440	27.563440	happy-88	None	-2	0	None
33.749065	33.779068	--undefined--	--undefined--	--undefined--	43.707691	38.797131	46.685753	33.749065	33.779068	46.685753	45.997124	43.350761	38.797131	38.797131	0	0	0	0	0	0	t	I	%eI	I	8	appreciate	27.323477	32.968590	27.310669	27.310669	happy-88	None	-1	0	None
33.779068	33.809067	--undefined--	--undefined--	--undefined--	35.764408	33.276348	38.797131	33.779068	33.809067	38.797131	36.284477	34.699673	33.276348	33.276348	0	0	0	0	0	0	I	t	t	I	1	it	24.633158	27.368587	27.261795	27.368587	happy-88	None	-2	0	None
33.809067	33.839069	--undefined--	--undefined--	--undefined--	29.546602	26.737974	33.276348	33.809067	33.839069	33.276348	30.037155	28.134930	26.737974	26.737974	0	0	0	0	0	0	t	T	I	"{	2	it	24.633158	27.368587	22.828842	27.106129	happy-88	None	-1	0	None
33.839069	33.869068	--undefined--	--undefined--	--undefined--	24.474260	21.781149	26.737974	33.839069	33.869068	26.737974	25.925556	23.452358	21.781149	21.781149	0	0	0	0	0	0	T	"{	t	"{	1	thanks	10.456323	18.496988	17.089695	18.496988	happy-100	None	-5	0	None
33.869068	33.899067	516.036621	516.036621	516.036621	20.804487	19.795319	21.781149	33.869068	33.899067	21.781149	21.393105	20.248377	19.795319	19.795319	0	0	0	0	0	0	"{	N	T	"{	2	thanks	10.456323	18.496988	11.472096	17.165377	happy-100	None	-4	0	None
33.899067	33.929066	516.036621	516.036621	516.036621	4.025919	-27.778759	19.795319	33.899067	33.929066	19.795319	18.977118	5.109997	-27.778759	-27.778759	0	0	0	0	0	0	N	k	"{	V	3	thanks	10.456323	18.496988	8.055069	17.794134	happy-100	None	-3	0	None
33.929066	33.959064	--undefined--	--undefined--	--undefined--	-184.883911	-300.000000	-27.778759	33.929066	33.959064	-27.778759	-111.756912	-300.000000	-300.000000	-300.000000	0	0	0	0	0	0	k	s	N	V	4	thanks	10.456323	18.496988	-11.541543	-11.541543	happy-100	None	-2	0	None
33.959064	33.989063	--undefined--	--undefined--	--undefined--	-300.000000	-300.000000	-300.000000	33.959064	33.989063	-300.000000	-300.000000	-300.000000	-300.000000	-300.000000	0	0	0	0	0	0	s	sil	k	V	5	thanks	10.456323	18.496988	--undefined--	--undefined--	happy-100	None	-1	0	None
33.989063	35.110001	--undefined--	--undefined--	--undefined--	-246.375854	-300.000000	31.053375	33.989063	35.110001	-300.000000	-300.000000	-300.000000	-300.000000	31.053375	0	0	0	0	0	0	sil	spn	s	V	1	.	21.779360	25.443325	21.779360	25.443325	happy-100	None	-1	0	None
35.110001	35.570000	283.626617	213.500961	366.566589	38.877380	30.827862	47.425217	35.110001	35.570000	31.053375	46.598740	35.303207	36.101109	30.827862	0	0	0	0	0	0	spn	sil	sil	V	1	XXNONVERBALXX	25.063345	36.832680	25.063345	36.832680	happy-100	None	-1	0	None
35.570000	38.180000	444.995392	409.718567	514.785461	-267.324982	-300.000000	33.970856	35.570000	38.180000	30.827862	-300.000000	-300.000000	-300.000000	33.114201	0	0	0	0	0	0	sil	spn	spn	V	1	.	13.878054	24.261345	13.878054	24.261345	happy-100	None	-1	0	None
38.180000	38.498749	536.819580	431.350769	642.288330	39.594566	32.244862	44.352554	38.180000	38.498749	33.114201	38.582546	40.721207	42.631664	42.364899	0	0	0	0	0	0	spn	V	sil	V	1	XXNONVERBALXX	28.536137	34.367973	28.536137	34.367973	happy-100	None	-1	0	None
38.498749	38.558754	522.383118	522.383118	522.383118	44.579891	42.364899	46.137978	38.498749	38.558754	42.364899	45.135159	45.352245	46.137978	44.285740	0	0	0	0	0	0	V	l	spn	V	1	a	24.872757	28.152544	24.872757	28.152544	happy-100	None	-1	0	None
38.558754	38.588753	522.383118	522.383118	522.383118	44.778023	44.053539	45.485954	38.558754	38.588753	44.285740	45.286869	44.053539	45.485954	45.485954	0	0	0	0	0	0	l	"A	V	"A	1	lot	22.491241	26.695406	23.223980	23.223980	happy-100	None	-3	0	None
38.588753	38.648750	--undefined--	--undefined--	--undefined--	42.836704	36.849228	46.525002	38.588753	38.648750	45.485954	45.729935	43.839447	39.141632	36.849228	0	0	0	0	0	0	"A	t	l	"A	2	lot	22.491241	26.695406	18.651728	21.322811	happy-100	None	-2	0	None
38.648750	38.748756	375.165833	340.284515	410.047119	27.149778	20.731930	36.849228	38.648750	38.748756	36.849228	28.885248	25.828512	21.611414	20.731930	0	0	0	0	0	0	t	sil	"A	^	3	lot	22.491241	26.695406	23.880499	26.695406	happy-100	None	-1	0	None
38.748756	38.959000	350.077820	290.837250	409.318359	21.113852	16.514475	35.300297	38.748756	38.959000	20.731930	23.338448	19.803495	18.852753	35.300297	0	0	0	0	0	0	sil	^	t	^	1	.	17.424828	25.244772	17.424828	25.244772	happy-100	None	-1	0	None