template	NADA	0	2
0.000000	0.040000	340.588074	340.588074	340.588074	43.530571	38.745426	47.411293	0.000000	0.040000	43.570770	47.411293	42.489662	38.745426	45.435707	0	0	0	0	0	0	g	I	^	I	1	good	41.465141	43.431503	40.157986	42.199158	polite-40	None	-3	0	None
0.040000	0.070000	--undefined--	--undefined--	--undefined--	45.821026	45.435707	46.354946	0.040000	0.070000	45.435707	45.435707	45.506367	46.354946	45.987076	0	0	0	0	0	0	I	d	g	I	2	good	41.465141	43.431503	42.113094	42.113094	polite-40	None	-2	0	None
0.070000	0.100000	--undefined--	--undefined--	--undefined--	45.374367	44.296028	46.888512	0.070000	0.100000	45.987076	45.987076	44.325859	46.888512	44.296028	0	0	0	0	0	0	d	spn	I	"eI	3	good	41.465141	43.431503	43.431503	43.431503	polite-40	None	-1	0	None
0.100000	1.550000	425.543213	290.043671	690.417542	47.461708	39.278446	57.433094	0.100000	1.550000	44.296028	47.097588	44.702118	53.171314	44.886505	0	0	0	0	0	0	spn	d	d	"eI	1	XXNONVERBALXX	40.060379	47.598530	40.060379	47.598530	polite-40	None	-1	0	None
1.550000	1.790000	409.052277	290.043671	596.639832	50.467911	41.821095	62.253796	1.550000	1.790000	44.886505	43.883430	50.747204	49.972328	61.786556	0	0	0	0	0	0	d	"eI	spn	"eI	1	day	40.450008	47.248116	40.567467	47.248116	polite-40	None	-2	0	None
1.790000	1.950000	340.473389	340.473389	340.473389	58.488972	51.380379	62.125061	1.790000	1.950000	61.786556	62.039848	61.092182	54.976158	52.243996	0	0	0	0	0	0	"eI	s	d	"eI	2	day	40.450008	47.248116	40.827080	44.641220	polite-40	None	-1	0	None
1.950000	2.090000	--undefined--	--undefined--	--undefined--	51.846287	44.879490	59.759460	1.950000	2.090000	52.243996	49.411770	47.852997	52.297100	59.759460	0	0	0	0	0	0	s	"3`	"eI	"3`	1	sir	37.208050	42.968689	36.150135	40.095943	polite-40	None	-2	0	None
2.090000	2.250000	441.092926	409.801819	516.811523	56.849270	46.353065	60.695892	2.090000	2.250000	59.759460	60.623188	59.064835	53.913231	46.353065	0	0	0	0	0	0	"3`	spn	s	"3`	2	sir	37.208050	42.968689	38.155270	42.968689	polite-40	None	-1	0	None
2.250000	3.470000	444.889221	290.485474	693.122253	47.180698	31.048716	59.022232	2.250000	3.470000	46.353065	49.765045	54.336239	42.366909	31.048716	0	0	0	0	0	0	spn	sil	"3`	"V	1	XXNONVERBALXX	39.308563	49.229790	39.308563	49.229790	polite-40	None	-1	0	None
3.470000	4.980000	--undefined--	--undefined--	--undefined--	-289.949768	-300.000000	36.639790	3.470000	4.980000	31.048716	-300.000000	-300.000000	-300.000000	36.639790	0	0	0	0	0	0	sil	spn	spn	"V	1	.	25.179035	30.668663	25.179035	30.668663	polite-40	None	-1	0	None
4.980000	5.648625	433.255859	83.861328	702.153137	40.459412	36.639790	45.031593	4.980000	5.648625	36.639790	40.447235	43.066635	37.442928	41.551117	0	0	0	0	0	0	spn	w	sil	"V	1	XXNONVERBALXX	35.349350	41.675194	35.349350	41.675194	polite-40	None	-1	0	None
5.648625	5.708625	83.861328	83.861328	83.861328	46.617161	38.334026	54.970814	5.648625	5.708625	41.551117	38.449993	46.840775	54.016891	54.970814	0	0	0	0	0	0	w	"V	spn	"V	1	what	34.640385	39.334717	35.799625	38.342503	thinking-30	surprised-15	-3	0	None
5.708625	5.738626	--undefined--	--undefined--	--undefined--	54.491722	52.774284	55.314346	5.708625	5.738626	54.970814	55.314346	54.907440	52.774284	52.774284	0	0	0	0	0	0	"V	t	w	"V	2	what	34.640385	39.334717	29.990097	36.131786	thinking-30	surprised-15	-2	0	None
5.738626	5.798625	675.076172	675.076172	675.076172	46.165295	39.357067	52.774284	5.738626	5.798625	52.774284	48.561607	45.225388	41.547237	39.357067	0	0	0	0	0	0	t	b	"V	"I	3	what	34.640385	39.334717	34.160454	39.334717	thinking-30	surprised-15	-1	0	None
5.798625	5.828625	675.076172	675.076172	675.076172	44.280975	37.071293	56.742210	5.798625	5.828625	39.357067	37.071293	43.953331	56.742210	56.742210	0	0	0	0	0	0	b	r\	t	"I	1	brings	37.293167	42.989067	36.708908	39.334717	thinking-30	surprised-15	-5	0	None
5.828625	5.858625	--undefined--	--undefined--	--undefined--	61.486053	56.742210	64.024788	5.828625	5.858625	56.742210	61.983299	63.193913	64.024788	64.024788	0	0	0	0	0	0	r\	"I	b	"I	2	brings	37.293167	42.989067	34.307323	39.865051	thinking-30	surprised-15	-4	0	None
5.858625	5.918625	697.087036	697.087036	697.087036	62.658394	60.943314	64.024788	5.858625	5.918625	64.024788	63.447670	62.688309	61.422802	60.943314	0	0	0	0	0	0	"I	N	r\	"I	3	brings	37.293167	42.989067	40.741806	41.736008	thinking-30	surprised-15	-3	0	None
5.918625	5.988626	680.208374	663.329712	697.087036	58.065781	54.266884	60.970314	5.918625	5.988626	60.943314	60.493694	58.288303	54.266884	54.522141	0	0	0	0	0	0	N	z	"I	"u	4	brings	37.293167	42.989067	33.670956	39.384975	thinking-30	surprised-15	-2	0	None
5.988626	6.048625	--undefined--	--undefined--	--undefined--	53.824764	52.329247	56.011505	5.988626	6.048625	54.522141	52.621994	54.081615	53.260616	56.011505	0	0	0	0	0	0	z	j	N	"u	5	brings	37.293167	42.989067	41.354622	42.989067	thinking-30	surprised-15	-1	0	None
6.048625	6.078626	--undefined--	--undefined--	--undefined--	57.135864	56.011505	57.891598	6.048625	6.078626	56.011505	56.795330	57.845024	57.891598	57.891598	0	0	0	0	0	0	j	"u	z	"u	1	you	39.606487	42.778759	41.457535	42.778759	thinking-30	surprised-15	-2	0	None
6.078626	6.108625	--undefined--	--undefined--	--undefined--	54.393532	48.939384	57.891598	6.078626	6.108625	57.891598	56.334190	54.408958	48.939384	48.939384	0	0	0	0	0	0	"u	t	j	"u	2	you	39.606487	42.778759	39.429878	42.778759	thinking-30	surprised-15	-1	0	None
6.108625	6.168625	410.377594	410.377594	410.377594	49.100300	47.075901	53.611862	6.108625	6.168625	48.939384	47.075901	47.438995	50.216656	53.611862	0	0	0	0	0	0	t	I	"u	I	1	to	35.693516	41.394955	36.831963	41.394955	thinking-30	surprised-15	-2	0	None
6.168625	6.218626	432.297272	201.385071	685.129150	54.405888	51.987610	56.051598	6.168625	6.218626	53.611862	55.363888	56.051598	54.687477	51.987610	0	0	0	0	0	0	I	h	t	I	2	to	35.693516	41.394955	34.383034	34.919014	thinking-30	surprised-15	-1	0	None
6.218626	6.268625	133.386887	133.386887	133.386887	52.091671	50.528160	53.865143	6.218626	6.268625	51.987610	51.325172	52.006374	52.837570	53.865143	0	0	0	0	0	0	h	j	I	"u	1	hewlands	35.085751	40.740669	31.255453	38.052208	thinking-30	surprised-15	-8	0	None
6.268625	6.388625	--undefined--	--undefined--	--undefined--	60.889507	53.865143	63.772484	6.268625	6.388625	53.865143	61.576950	61.517902	62.911385	63.772484	0	0	0	0	0	0	j	"u	h	"u	2	hewlands	35.085751	40.740669	30.507544	40.489750	thinking-30	surprised-15	-7	0	None
6.388625	6.448625	--undefined--	--undefined--	--undefined--	62.145855	56.168655	64.548820	6.388625	6.448625	63.772484	64.182198	64.548820	59.202503	56.168655	0	0	0	0	0	0	"u	l	j	"u	3	hewlands	35.085751	40.740669	37.300255	40.740669	thinking-30	surprised-15	-6	0	None
6.448625	6.508625	--undefined--	--undefined--	--undefined--	58.823658	56.168655	59.942871	6.448625	6.508625	56.168655	59.942871	58.939804	59.544605	59.217613	0	0	0	0	0	0	l	V	"u	V	4	hewlands	35.085751	40.740669	36.792927	38.811203	thinking-30	surprised-15	-5	0	None
6.508625	6.568625	--undefined--	--undefined--	--undefined--	57.042385	54.806450	59.217613	6.508625	6.568625	59.217613	58.473053	57.411423	54.831779	56.032467	0	0	0	0	0	0	V	n	l	V	5	hewlands	35.085751	40.740669	36.640461	39.495071	thinking-30	surprised-15	-4	0	None
6.568625	6.708625	519.007812	519.007812	519.007812	51.605980	47.209854	56.032467	6.568625	6.708625	56.032467	53.512032	51.704124	47.209854	50.193069	0	0	0	0	0	0	n	d	V	V	6	hewlands	35.085751	40.740669	35.652832	39.925583	thinking-30	surprised-15	-3	0	None
6.708625	6.748625	--undefined--	--undefined--	--undefined--	47.203926	43.903103	50.193069	6.708625	6.748625	50.193069	49.470268	48.140381	43.903103	44.312820	0	0	0	0	0	0	d	z	n	V	7	hewlands	35.085751	40.740669	39.146549	39.146549	thinking-30	surprised-15	-2	0	None
6.748625	6.868625	400.266510	290.403046	510.129974	45.158405	37.848980	51.117928	6.748625	6.868625	44.312820	50.124630	47.642284	42.318642	37.877621	0	0	0	0	0	0	z	spn	d	V	8	hewlands	35.085751	40.740669	33.936909	37.822720	thinking-30	surprised-15	-1	0	None
6.868625	7.700000	472.792297	290.559753	704.525574	39.369106	34.952034	44.229012	6.868625	7.700000	37.877621	37.534481	38.177727	41.520363	39.100601	0	0	0	0	0	0	spn	sil	z	V	1	XXNONVERBALXX	33.169701	40.325207	33.169701	40.325207	thinking-30	surprised-15	-1	0	None
7.700000	9.460000	675.317078	675.317078	675.317078	-289.690948	-300.000000	39.100601	7.700000	9.460000	39.100601	-300.000000	-300.000000	-300.000000	31.822474	0	0	0	0	0	0	sil	spn	spn	V	1	.	16.955158	26.519535	16.955158	26.519535	thinking-30	surprised-15	-1	0	None
9.460000	9.673126	409.469879	409.469879	409.469879	37.978683	31.822474	40.832359	9.460000	9.673126	31.822474	37.418980	39.002087	38.218063	40.232559	0	0	0	0	0	0	spn	D	sil	V	1	XXNONVERBALXX	33.344185	37.682480	33.344185	37.682480	thinking-30	surprised-15	-1	0	None
9.673126	9.713126	--undefined--	--undefined--	--undefined--	47.525455	40.232559	55.900806	9.673126	9.713126	40.232559	40.818924	45.969269	54.705715	55.900806	0	0	0	0	0	0	D	V	spn	V	1	the	31.833387	39.149757	29.394598	32.372295	nervous-45	surprised-20	-2	0	None
9.713126	9.743126	--undefined--	--undefined--	--undefined--	56.668926	55.900806	57.573120	9.713126	9.743126	55.900806	56.507729	56.507729	56.694050	57.573120	0	0	0	0	0	0	V	l	D	V	2	the	31.833387	39.149757	39.149757	39.149757	nervous-45	surprised-20	-1	0	None
9.743126	9.853127	229.580658	86.059303	373.102020	60.960735	57.375130	65.564911	9.743126	9.853127	57.573120	59.080509	59.479881	62.097660	65.564911	0	0	0	0	0	0	l	"{	V	"{	1	latin	36.381443	42.112621	38.608421	42.112621	nervous-45	surprised-20	-5	0	None
9.853127	9.973125	373.102020	373.102020	373.102020	60.816631	54.776276	65.564911	9.853127	9.973125	65.564911	63.477249	60.736519	57.552982	54.776276	0	0	0	0	0	0	"{	t	l	"{	2	latin	36.381443	42.112621	35.779476	37.025646	nervous-45	surprised-20	-4	0	None
9.973125	10.033127	696.682251	696.682251	696.682251	52.912418	47.363152	59.948292	9.973125	10.033127	54.776276	49.469536	50.160751	51.947063	59.948292	0	0	0	0	0	0	t	V	"{	V	3	latin	36.381443	42.112621	36.118992	37.949692	nervous-45	surprised-20	-3	0	None
10.033127	10.073126	218.329407	218.329407	218.329407	60.185101	59.767437	60.779690	10.033127	10.073126	59.948292	60.779690	60.108456	59.767437	60.321613	0	0	0	0	0	0	V	n	t	V	4	latin	36.381443	42.112621	37.618534	37.618534	nervous-45	surprised-20	-2	0	None
10.073126	10.173126	699.401123	699.401123	699.401123	58.149658	47.983955	62.036251	10.073126	10.173126	60.321613	61.888676	61.002121	59.029716	48.151897	0	0	0	0	0	0	n	t	V	"u	5	latin	36.381443	42.112621	34.380493	38.495506	nervous-45	surprised-20	-1	0	None
10.173126	10.273127	--undefined--	--undefined--	--undefined--	49.462021	43.889175	54.400997	10.173126	10.273127	48.151897	49.723007	51.431534	48.094452	54.400997	0	0	0	0	0	0	t	"u	n	"u	1	tutor	33.515862	43.499607	34.388985	38.414410	nervous-45	surprised-20	-4	0	None
10.273127	10.433126	--undefined--	--undefined--	--undefined--	56.210609	45.882343	62.223679	10.273127	10.433126	54.400997	62.223679	58.994900	50.885895	45.882343	0	0	0	0	0	0	"u	t	t	"u	2	tutor	33.515862	43.499607	37.117237	43.499607	nervous-45	surprised-20	-3	0	None
10.433126	10.553125	340.145813	340.145813	340.145813	47.586929	39.798431	59.632263	10.433126	10.553125	45.882343	46.218452	40.646458	50.736092	59.281288	0	0	0	0	0	0	t	3`	"u	3`	3	tutor	33.515862	43.499607	32.208694	40.432201	nervous-45	surprised-20	-2	0	None
10.553125	10.723125	--undefined--	--undefined--	--undefined--	55.095734	38.448475	60.520176	10.553125	10.723125	59.281288	60.062035	59.115501	49.865936	38.448475	0	0	0	0	0	0	3`	spn	t	3`	4	tutor	33.515862	43.499607	32.365932	40.254601	nervous-45	surprised-20	-1	0	None
10.723125	11.945251	359.464783	207.739120	410.188965	40.143864	33.684128	50.112988	10.723125	11.945251	38.448475	41.892967	39.585026	40.474564	38.608730	0	0	0	0	0	0	spn	"aI	3`	"aI	1	XXNONVERBALXX	33.041603	40.787083	33.041603	40.787083	nervous-45	surprised-20	-1	0	None
11.945251	12.005252	517.812744	517.812744	517.812744	49.265850	38.608730	58.774452	11.945251	12.005252	38.608730	40.376144	53.275513	57.119377	57.870029	0	0	0	0	0	0	"aI	v	spn	"aI	1	i've	32.885872	35.838120	30.397953	35.102806	nervous-45	surprised-20	-2	0	None
12.005252	12.065251	563.222168	516.316895	698.909912	51.931824	48.507763	57.870029	12.005252	12.065251	57.870029	51.456902	48.507763	49.301151	50.885796	0	0	0	0	0	0	v	h	"aI	"E	2	i've	32.885872	35.838120	35.373791	35.838120	nervous-45	surprised-20	-1	0	None
12.065251	12.115251	--undefined--	--undefined--	--undefined--	60.479649	50.885796	67.809967	12.065251	12.115251	50.885796	56.415497	62.599903	65.750534	67.809967	0	0	0	0	0	0	h	"E	v	"E	1	heard	36.728218	42.031059	36.387272	41.291958	nervous-45	surprised-20	-3	0	None
12.115251	12.245252	--undefined--	--undefined--	--undefined--	66.306236	63.545486	67.809967	12.115251	12.245252	67.809967	66.875809	65.996689	66.280174	63.545486	0	0	0	0	0	0	"E	d	h	"E	2	heard	36.728218	42.031059	37.061043	42.031059	nervous-45	surprised-20	-2	0	None
12.245252	12.285251	--undefined--	--undefined--	--undefined--	61.140678	56.655617	63.545486	12.245252	12.285251	63.545486	61.094357	56.655617	61.299168	63.108768	0	0	0	0	0	0	d	V	"E	V	3	heard	36.728218	42.031059	38.527084	40.296501	nervous-45	surprised-20	-1	0	None
12.285251	12.325252	--undefined--	--undefined--	--undefined--	58.597557	51.869110	63.507370	12.285251	12.325252	63.108768	63.507370	59.934708	54.567852	51.869110	0	0	0	0	0	0	V	v	d	V	1	of	36.079678	40.296501	37.409248	40.296501	nervous-45	surprised-20	-2	0	None
12.325252	12.385251	--undefined--	--undefined--	--undefined--	51.476414	46.751270	55.114792	12.325252	12.385251	51.869110	52.612232	46.751270	51.271797	55.055130	0	0	0	0	0	0	v	j	V	"u	2	of	36.079678	40.296501	33.660095	34.334057	nervous-45	surprised-20	-1	0	None
12.385251	12.495250	--undefined--	--undefined--	--undefined--	62.202057	55.055130	67.679359	12.385251	12.495250	55.055130	59.585514	62.360710	65.339844	67.556046	0	0	0	0	0	0	j	"u	v	"u	1	you	37.818844	41.175556	41.175556	41.175556	nervous-45	surprised-20	-2	0	None
12.495250	12.675252	--undefined--	--undefined--	--undefined--	60.559315	41.872375	67.556046	12.495250	12.675252	67.556046	66.944214	63.469044	57.668575	41.872375	0	0	0	0	0	0	"u	spn	j	"u	2	you	37.818844	41.175556	37.399258	40.984020	nervous-45	surprised-20	-1	0	None
12.675252	13.261625	459.904236	271.338623	582.459656	41.981426	37.679348	47.832626	12.675252	13.261625	41.872375	43.369705	39.796909	38.897301	37.813091	0	0	0	0	0	0	spn	w	"u	"V	1	XXNONVERBALXX	31.737534	37.752960	31.737534	37.752960	nervous-45	surprised-20	-1	0	None
13.261625	13.291626	516.752380	516.752380	516.752380	36.363598	35.159725	37.813091	13.261625	13.291626	37.813091	37.813091	35.845009	36.636566	35.159725	0	0	0	0	0	0	w	"V	spn	"V	1	what	30.465368	36.015602	28.722048	34.855202	nervous-50	None	-3	0	None
13.291626	13.321625	590.919495	516.752380	665.086609	35.997597	34.745728	38.672386	13.291626	13.321625	35.159725	35.159725	38.672386	35.412552	34.745728	0	0	0	0	0	0	"V	t	w	"V	2	what	30.465368	36.015602	26.875847	36.015602	nervous-50	None	-2	0	None
13.321625	13.351625	--undefined--	--undefined--	--undefined--	36.733467	34.745728	39.307636	13.321625	13.351625	34.745728	34.745728	36.790470	36.090034	39.307636	0	0	0	0	0	0	t	spn	"V	"O	3	what	30.465368	36.015602	30.305233	31.029137	nervous-50	None	-1	0	None
13.351625	13.700000	389.359375	369.823334	408.895447	41.082462	33.362877	52.369808	13.351625	13.700000	39.307636	37.049526	42.887402	36.637989	37.041019	0	0	0	0	0	0	spn	sil	t	"O	1	XXNONVERBALXX	33.524536	39.295536	33.524536	39.295536	nervous-50	None	-1	0	None
13.700000	19.740000	--undefined--	--undefined--	--undefined--	-296.948090	-300.000000	37.041019	13.700000	19.740000	37.041019	-300.000000	-300.000000	-300.000000	34.151146	0	0	0	0	0	0	sil	spn	spn	"O	1	.	29.471323	34.085888	29.471323	34.085888	nervous-50	None	-1	0	None
19.740000	20.311314	468.586090	340.683685	688.770203	37.931953	32.209888	44.296665	19.740000	20.311314	34.151146	43.234100	34.259758	40.908264	44.296665	0	0	0	0	0	0	spn	b	sil	"O	1	XXNONVERBALXX	32.516563	39.002014	32.516563	39.002014	nervous-50	None	-1	0	None
20.311314	20.431314	409.391785	409.391785	409.391785	45.008034	39.448311	52.849922	20.311314	20.431314	44.296665	47.838242	44.361176	42.021957	52.849922	0	0	0	0	0	0	b	r\	spn	"O	1	brought	32.041634	37.836460	34.009117	37.620857	nervous-50	None	-4	0	None
20.431314	20.471313	--undefined--	--undefined--	--undefined--	56.653572	52.849922	58.390587	20.431314	20.471313	52.849922	56.854992	57.778923	58.390587	57.393440	0	0	0	0	0	0	r\	"O	b	"O	2	brought	32.041634	37.836460	33.678577	36.775269	nervous-50	None	-3	0	None
20.471313	20.551313	--undefined--	--undefined--	--undefined--	55.621635	51.784813	58.037010	20.471313	20.551313	57.393440	58.037010	56.521461	51.784813	54.027096	0	0	0	0	0	0	"O	t	r\	"O	3	brought	32.041634	37.836460	28.351501	33.106655	nervous-50	None	-2	0	None
20.551313	20.611315	--undefined--	--undefined--	--undefined--	54.343761	51.742691	59.409309	20.551313	20.611315	54.027096	52.209583	52.371117	53.889191	59.409309	0	0	0	0	0	0	t	j	"O	"U	4	brought	32.041634	37.836460	37.078156	37.836460	nervous-50	None	-1	0	None
20.611315	20.671314	--undefined--	--undefined--	--undefined--	60.987785	54.035069	64.558662	20.611315	20.671314	59.409309	62.638916	64.558662	63.167694	54.035069	0	0	0	0	0	0	j	"U	t	"U	1	you	36.365227	38.933353	35.398014	37.836460	nervous-50	None	-2	0	None
20.671314	20.701313	514.932556	514.932556	514.932556	54.213570	52.763893	55.730053	20.671314	20.701313	54.035069	54.035069	52.763893	54.325253	55.730053	0	0	0	0	0	0	"U	I	j	"U	2	you	36.365227	38.933353	37.816048	38.933353	nervous-50	None	-1	0	None
20.701313	20.761314	--undefined--	--undefined--	--undefined--	52.356140	48.648460	55.933323	20.701313	20.761314	55.730053	55.933323	50.835663	51.352936	48.648460	0	0	0	0	0	0	I	n	"U	I	1	into	31.644085	37.275612	28.830452	32.181507	nervous-50	None	-4	0	None
20.761314	20.811314	597.358704	597.358704	597.358704	48.541645	44.779209	52.642601	20.761314	20.811314	48.648460	44.779209	48.182217	52.642601	47.831596	0	0	0	0	0	0	n	t	I	V	2	into	31.644085	37.275612	30.812990	37.275612	nervous-50	None	-3	0	None
20.811314	20.861315	--undefined--	--undefined--	--undefined--	43.492920	41.194611	47.831596	20.811314	20.861315	47.831596	45.574383	43.432266	41.194611	41.230579	0	0	0	0	0	0	t	V	n	V	3	into	31.644085	37.275612	34.213406	36.946899	nervous-50	None	-2	0	None
20.861315	20.891314	--undefined--	--undefined--	--undefined--	42.035751	38.145393	47.896500	20.861315	20.891314	41.230579	41.230579	38.145393	40.870529	47.896500	0	0	0	0	0	0	V	D	t	V	4	into	31.644085	37.275612	36.852859	36.852859	nervous-50	None	-1	0	None
20.891314	20.921314	--undefined--	--undefined--	--undefined--	55.016056	47.896500	58.539196	20.891314	20.921314	47.896500	47.896500	55.222862	58.539196	58.405666	0	0	0	0	0	0	D	V	V	V	1	the	33.653988	37.960052	36.487827	37.960052	nervous-50	None	-2	0	None
20.921314	20.971313	--undefined--	--undefined--	--undefined--	49.061279	43.579025	58.405666	20.921314	20.971313	58.405666	53.407898	44.830093	47.520641	43.579025	0	0	0	0	0	0	V	g	D	V	2	the	33.653988	37.960052	31.777756	34.769142	nervous-50	None	-1	0	None
20.971313	21.041313	--undefined--	--undefined--	--undefined--	54.526718	43.579025	65.378838	20.971313	21.041313	43.579025	44.077156	48.863403	62.932487	65.378838	0	0	0	0	0	0	g	"A	V	"A	1	garden	34.816143	40.290295	35.207134	40.290295	nervous-50	None	-6	0	None
21.041313	21.191313	340.234070	340.019379	340.448792	64.825127	62.744652	67.455292	21.041313	21.191313	65.378838	65.382423	67.455292	63.812222	63.899406	0	0	0	0	0	0	"A	r\	g	"A	2	garden	34.816143	40.290295	35.499752	40.180813	nervous-50	None	-5	0	None
21.191313	21.231314	409.922333	409.922333	409.922333	59.442211	54.092392	63.899406	21.191313	21.231314	63.899406	63.250156	58.837173	57.131920	54.092392	0	0	0	0	0	0	r\	d	"A	V	3	garden	34.816143	40.290295	36.434219	38.333241	nervous-50	None	-4	0	None
21.231314	21.261314	409.922333	409.922333	409.922333	54.583794	53.134594	57.008698	21.231314	21.261314	54.092392	54.092392	53.134594	54.099487	57.008698	0	0	0	0	0	0	d	V	r\	V	4	garden	34.816143	40.290295	32.554962	36.330799	nervous-50	None	-3	0	None
21.261314	21.361315	--undefined--	--undefined--	--undefined--	53.276112	49.111256	57.008698	21.261314	21.361315	57.008698	54.989418	52.791882	49.196926	53.771824	0	0	0	0	0	0	V	n	d	V	5	garden	34.816143	40.290295	32.766483	34.434734	nervous-50	None	-2	0	None
21.361315	21.501314	412.155487	412.155487	412.155487	47.166443	35.097126	54.554371	21.361315	21.501314	53.771824	53.675087	49.818626	44.588093	35.097126	0	0	0	0	0	0	n	spn	V	I	6	garden	34.816143	40.290295	33.829739	35.812092	nervous-50	None	-1	0	None
21.501314	21.789999	456.511841	340.106628	672.662048	33.550854	30.259396	38.550858	21.501314	21.789999	35.097126	32.971733	32.943512	34.385727	33.814705	0	0	0	0	0	0	spn	sil	n	I	1	XXNONVERBALXX	32.139393	36.848873	32.139393	36.848873	nervous-50	None	-1	0	None
21.789999	21.809999	340.106628	340.106628	340.106628	32.255463	29.899263	33.814705	21.789999	21.809999	33.814705	33.814705	29.899263	29.899263	33.052418	0	0	0	0	0	0	sil	spn	spn	I	1	.	32.568348	32.568348	32.568348	32.568348	nervous-50	None	-1	0	None
21.809999	23.539999	480.163025	313.398346	696.793945	37.037643	31.062841	51.056068	21.809999	23.539999	33.052418	42.935257	36.777542	38.357643	34.325424	0	0	0	0	0	0	spn	sil	sil	I	1	XXNONVERBALXX	31.788216	39.325172	31.788216	39.325172	nervous-50	None	-1	0	None
23.539999	26.019999	--undefined--	--undefined--	--undefined--	-292.731140	-300.000000	38.622444	23.539999	26.019999	34.325424	-300.000000	-300.000000	-300.000000	38.622444	0	0	0	0	0	0	sil	spn	spn	I	1	.	16.221685	29.608391	16.221685	29.608391	nervous-50	None	-1	0	None
26.019999	27.416880	381.714386	197.325500	671.758118	42.710758	34.564606	66.750748	26.019999	27.416880	38.622444	44.664722	40.215103	44.215805	46.782116	0	0	0	0	0	0	spn	I	sil	I	1	XXNONVERBALXX	35.394630	43.343430	35.394630	43.343430	nervous-50	None	-1	0	None
27.416880	27.446878	--undefined--	--undefined--	--undefined--	48.729485	46.782116	52.049858	27.416880	27.446878	46.782116	48.695129	52.049858	52.049858	47.390842	0	0	0	0	0	0	I	t	spn	I	1	it's	33.943413	40.696213	38.386036	40.696213	nervous-50	None	-3	0	None
27.446878	27.496878	519.175781	516.654907	521.696594	43.221096	41.036320	47.390842	27.446878	27.496878	47.390842	43.148918	41.680092	41.036320	44.146313	0	0	0	0	0	0	t	z	I	"V	2	it's	33.943413	40.696213	37.610161	39.144463	nervous-50	None	-2	0	None
27.496878	27.596880	231.687653	231.687653	231.687653	45.937794	42.517551	49.814445	27.496878	27.596880	44.146313	49.814445	45.530350	42.980530	47.244072	0	0	0	0	0	0	z	dZ	t	"V	3	it's	33.943413	40.696213	30.421844	33.402714	nervous-50	None	-1	0	None
27.596880	27.646879	--undefined--	--undefined--	--undefined--	53.724171	44.891163	64.609123	27.596880	27.646879	47.244072	45.463860	56.906548	63.230270	64.609123	0	0	0	0	0	0	dZ	"V	z	"V	1	just	35.742313	41.446232	32.490494	39.552135	nervous-50	None	-4	0	None
27.646879	27.706877	--undefined--	--undefined--	--undefined--	58.144131	50.311569	64.609123	27.646879	27.706877	64.609123	61.093208	58.097435	53.238213	50.311569	0	0	0	0	0	0	"V	s	dZ	"V	2	just	35.742313	41.446232	39.105968	41.446232	nervous-50	None	-3	0	None
27.706877	27.776876	--undefined--	--undefined--	--undefined--	47.718735	43.646473	50.909874	27.706877	27.776876	50.311569	49.235519	47.704498	46.102520	43.646473	0	0	0	0	0	0	s	t	"V	V	3	just	35.742313	41.446232	35.993923	37.855614	nervous-50	None	-2	0	None
27.776876	27.836878	--undefined--	--undefined--	--undefined--	45.195759	38.821148	54.842983	27.776876	27.836878	43.646473	39.769123	40.226498	50.713425	54.842983	0	0	0	0	0	0	t	V	s	V	4	just	35.742313	41.446232	35.410152	39.384102	nervous-50	None	-1	0	None
27.836878	27.896879	340.377014	340.377014	340.377014	53.326118	42.209297	62.128025	27.836878	27.896879	54.842983	61.045898	57.061218	44.869446	42.209297	0	0	0	0	0	0	V	k	t	V	1	a	38.713192	44.124607	38.713192	44.124607	nervous-50	None	-1	0	None
27.896879	27.976877	--undefined--	--undefined--	--undefined--	47.469456	39.424931	55.372169	27.896879	27.976877	42.209297	39.424931	55.372169	48.734287	49.160194	0	0	0	0	0	0	k	w	V	"E	1	question	36.692249	44.315056	31.935648	36.498161	nervous-50	None	-7	0	None
27.976877	28.016878	--undefined--	--undefined--	--undefined--	60.036537	49.160194	65.011078	27.976877	28.016878	49.160194	57.637886	63.744221	64.629295	65.011078	0	0	0	0	0	0	w	"E	k	"E	2	question	36.692249	44.315056	40.059174	43.240780	nervous-50	None	-6	0	None
28.016878	28.126879	408.601318	408.601318	408.601318	59.732773	51.097488	65.124237	28.016878	28.126879	65.011078	63.411045	60.667961	55.960892	51.097488	0	0	0	0	0	0	"E	s	w	"E	3	question	36.692249	44.315056	36.429008	40.084995	nervous-50	None	-5	0	None
28.126879	28.266878	--undefined--	--undefined--	--undefined--	47.783619	45.099834	51.097488	28.126879	28.266878	51.097488	47.324295	48.192932	46.313980	45.099834	0	0	0	0	0	0	s	tS	"E	V	4	question	36.692249	44.315056	37.707188	44.315056	nervous-50	None	-4	0	None
28.266878	28.306879	--undefined--	--undefined--	--undefined--	44.790047	42.731415	45.758041	28.266878	28.306879	45.099834	44.711361	45.758041	45.649586	42.731415	0	0	0	0	0	0	tS	V	s	V	5	question	36.692249	44.315056	--undefined--	--undefined--	nervous-50	None	-3	0	None
28.306879	28.396879	350.244141	290.857697	409.630615	53.479614	42.659180	57.728420	28.306879	28.396879	42.731415	52.145897	56.636257	55.752274	57.728420	0	0	0	0	0	0	V	n	tS	V	6	question	36.692249	44.315056	38.062489	41.210381	nervous-50	None	-2	0	None
28.396879	28.566877	--undefined--	--undefined--	--undefined--	52.680222	45.984501	57.728420	28.396879	28.566877	57.728420	54.188572	52.639240	51.855846	45.984501	0	0	0	0	0	0	n	sil	V	"{	7	question	36.692249	44.315056	38.313511	41.510925	nervous-50	None	-1	0	None
28.566877	28.596876	--undefined--	--undefined--	--undefined--	43.659500	37.166351	49.075031	28.566877	28.596876	45.984501	42.412125	37.166351	37.166351	49.075031	0	0	0	0	0	0	sil	m	n	"{	1	.	35.374565	36.943691	35.374565	36.943691	nervous-50	None	-1	0	None
28.596876	28.646879	592.629578	592.629578	592.629578	55.496521	49.075031	58.869301	28.596876	28.646879	49.075031	54.843903	58.869301	57.473942	56.229862	0	0	0	0	0	0	m	"{	sil	"{	1	master	35.066364	41.113567	31.860970	34.418274	nervous-50	None	-5	0	None
28.646879	28.766878	--undefined--	--undefined--	--undefined--	52.495949	43.771751	56.229862	28.646879	28.766878	56.229862	54.761791	53.438675	51.051029	43.771751	0	0	0	0	0	0	"{	s	m	"{	2	master	35.066364	41.113567	38.723400	41.113567	nervous-50	None	-4	0	None
28.766878	28.836878	--undefined--	--undefined--	--undefined--	42.989643	41.946594	44.778412	28.766878	28.836878	43.771751	44.778412	42.276531	42.487991	42.133293	0	0	0	0	0	0	s	t	"{	3`	3	master	35.066364	41.113567	34.182442	36.968643	nervous-50	None	-3	0	None
28.836878	28.886877	--undefined--	--undefined--	--undefined--	45.153980	41.941319	51.688648	28.836878	28.886877	42.133293	41.941319	42.785294	48.636585	51.688648	0	0	0	0	0	0	t	3`	s	3`	4	master	35.066364	41.113567	31.798239	34.598438	nervous-50	None	-2	0	None
28.886877	28.926878	--undefined--	--undefined--	--undefined--	47.978981	44.270939	51.688648	28.886877	28.926878	51.688648	49.861488	48.056992	46.016850	44.270939	0	0	0	0	0	0	3`	t	t	3`	5	master	35.066364	41.113567	37.290653	37.290653	nervous-50	None	-1	0	None
28.926878	29.056879	312.820801	312.820801	312.820801	42.637573	39.273781	51.747940	28.926878	29.056879	44.270939	39.359467	44.487080	42.806320	51.747940	0	0	0	0	0	0	t	"u	3`	"u	1	tutor	32.406864	37.666851	34.331768	37.666851	nervous-50	None	-4	0	None
29.056879	29.176878	--undefined--	--undefined--	--undefined--	51.488712	45.827217	53.897724	29.056879	29.176878	51.747940	51.125504	52.318493	51.866150	45.827217	0	0	0	0	0	0	"u	t	t	"u	2	tutor	32.406864	37.666851	32.463577	36.679073	nervous-50	None	-3	0	None
29.176878	29.286879	419.376465	339.969269	513.631836	41.824390	39.785572	45.827217	29.176878	29.286879	45.827217	42.938980	41.277958	41.086117	42.564770	0	0	0	0	0	0	t	E	"u	E	3	tutor	32.406864	37.666851	32.573387	36.679073	nervous-50	None	-2	0	None
29.286879	29.336878	694.807739	694.807739	694.807739	47.144318	42.564770	49.055653	29.286879	29.336878	42.564770	49.055653	48.957146	47.767754	46.149460	0	0	0	0	0	0	E	spn	t	E	4	tutor	32.406864	37.666851	29.366526	33.491817	nervous-50	None	-1	0	None
29.336878	29.539999	545.815491	371.954773	674.475281	43.321121	37.036777	49.965782	29.336878	29.539999	46.149460	49.495029	43.277901	42.089844	42.179321	0	0	0	0	0	0	spn	sil	E	"I	1	XXNONVERBALXX	33.579807	38.179619	33.579807	38.179619	nervous-50	None	-1	0	None
29.539999	39.180000	--undefined--	--undefined--	--undefined--	-298.070343	-300.000000	42.179321	29.539999	39.180000	42.179321	-300.000000	-300.000000	-300.000000	31.281853	0	0	0	0	0	0	sil	spn	spn	"I	1	.	18.239498	25.124847	18.239498	25.124847	nervous-50	None	-1	0	None
39.180000	40.322876	390.353058	245.985352	518.634949	44.354679	31.281853	65.464294	39.180000	40.322876	31.281853	39.998581	63.716019	46.600426	39.784191	0	0	0	0	0	0	spn	"I	sil	"I	1	XXNONVERBALXX	32.180103	40.099216	32.180103	40.099216	nervous-50	None	-1	0	None
40.322876	40.362873	--undefined--	--undefined--	--undefined--	40.080502	39.615921	40.594730	40.322876	40.362873	39.784191	40.298351	40.594730	40.109306	39.615921	0	0	0	0	0	0	"I	t	spn	"I	1	it's	28.861271	31.031334	27.710520	28.964012	nervous-40	surprised-15	-3	0	None
40.362873	40.392876	--undefined--	--undefined--	--undefined--	37.985909	34.756092	39.795254	40.362873	40.392876	39.615921	39.795254	39.795254	37.776371	34.756092	0	0	0	0	0	0	t	s	"I	V	2	it's	28.861271	31.031334	28.978361	28.992710	nervous-40	surprised-15	-2	0	None
40.392876	40.442875	--undefined--	--undefined--	--undefined--	36.401348	34.756092	38.121193	40.392876	40.442875	34.756092	36.387936	38.121193	35.017929	37.825092	0	0	0	0	0	0	s	V	t	V	3	it's	28.861271	31.031334	31.031334	31.031334	nervous-40	surprised-15	-1	0	None
40.442875	40.492874	590.366699	590.366699	590.366699	39.536411	36.391548	44.041576	40.442875	40.492874	37.825092	36.391548	36.839737	44.041576	40.746475	0	0	0	0	0	0	V	h	s	V	1	a	31.558867	35.073952	31.558867	35.073952	nervous-40	surprised-15	-1	0	None
40.492874	40.562874	692.379822	692.379822	692.379822	38.796738	36.531841	40.746475	40.492874	40.562874	40.746475	36.531841	38.265060	39.736141	40.123707	0	0	0	0	0	0	h	"O	V	"O	1	hawk	31.476803	38.830868	29.440037	37.486954	nervous-40	surprised-15	-3	0	None
40.562874	40.752876	--undefined--	--undefined--	--undefined--	38.866722	36.186134	41.182785	40.562874	40.752876	40.123707	40.549927	38.096947	38.845947	37.153278	0	0	0	0	0	0	"O	k	h	"O	2	hawk	31.476803	38.830868	35.389854	38.830868	nervous-40	surprised-15	-2	0	None
40.752876	41.902874	435.807831	269.590607	668.769409	37.738152	32.939938	50.171513	40.752876	41.902874	37.153278	41.078983	35.639870	37.360283	42.367142	0	0	0	0	0	0	k	^	"O	^	3	hawk	31.476803	38.830868	31.198849	38.759617	nervous-40	surprised-15	-1	0	None