template	NADA	0	2
0.000000	4.260000	--undefined--	--undefined--	--undefined--	-299.272278	-300.000000	10.007206	0.000000	4.260000	-300.000000	-300.000000	-300.000000	-300.000000	10.007206	0	0	0	0	0	0	sil	spn	^	"V	1	.	--undefined--	--undefined--	--undefined--	--undefined--	None	None	-1	0	
4.260000	4.740313	496.167389	340.401276	694.850586	39.954918	10.007206	45.809128	4.260000	4.740313	10.007206	43.315624	39.030609	39.667313	43.207150	0	0	0	0	0	0	spn	w	sil	"V	1	XXNONVERBALXX	28.524988	32.363064	28.524988	32.363064	None	None	-1	0	
4.740313	4.780313	516.287415	516.287415	516.287415	49.841949	43.207150	56.525826	4.740313	4.780313	43.207150	45.298592	50.083549	54.094620	56.525826	0	0	0	0	0	0	w	"V	spn	"V	1	what	31.581654	38.074829	34.909786	36.067146	confused-75	None	-3	0	None
4.780313	4.810312	--undefined--	--undefined--	--undefined--	58.120281	56.525826	59.574905	4.780313	4.810312	56.525826	56.525826	57.857204	58.523193	59.574905	0	0	0	0	0	0	"V	t	w	"V	2	what	31.581654	38.074829	29.680559	33.752426	confused-75	None	-2	0	None
4.810312	4.840312	340.490601	340.490601	340.490601	59.462315	59.243134	59.590591	4.810312	4.840312	59.574905	59.574905	59.440628	59.243134	59.590591	0	0	0	0	0	0	t	d	"V	I	3	what	31.581654	38.074829	29.362894	38.074829	confused-75	None	-1	0	None
4.840312	4.870313	355.973022	340.490601	371.455475	58.780220	57.800285	59.590591	4.840312	4.870313	59.590591	59.590591	59.218372	58.511642	57.800285	0	0	0	0	0	0	d	I	t	I	1	did	38.760082	41.260094	39.930710	41.260094	confused-75	None	-3	0	None
4.870313	4.900312	--undefined--	--undefined--	--undefined--	57.765541	57.522591	57.906040	4.870313	4.900312	57.800285	57.800285	57.833248	57.522591	57.906040	0	0	0	0	0	0	I	d	d	I	2	did	38.760082	41.260094	40.058212	41.260094	confused-75	None	-2	0	None
4.900312	4.930313	--undefined--	--undefined--	--undefined--	58.848648	57.906040	59.536289	4.900312	4.930313	57.906040	57.906040	58.996124	59.536289	58.956154	0	0	0	0	0	0	d	"aI	I	"aI	3	did	38.760082	41.260094	35.872520	39.189323	confused-75	None	-1	0	None
4.930313	5.030313	409.373688	409.373688	409.373688	54.853733	52.940598	58.956154	4.930313	5.030313	58.956154	55.973545	53.491982	53.996052	53.126053	0	0	0	0	0	0	"aI	w	d	"aI	1	i	30.579611	36.244064	30.579611	36.244064	confused-75	None	-1	0	None
5.030313	5.160313	441.601715	290.278137	519.166626	50.931301	42.084904	55.260719	5.030313	5.160313	53.126053	49.356667	45.342770	52.688965	55.014099	0	0	0	0	0	0	w	"I	"aI	"I	1	win	32.653255	37.114227	30.693604	36.014782	confused-75	None	-3	0	None
5.160313	5.260313	--undefined--	--undefined--	--undefined--	54.532589	50.352024	55.858761	5.160313	5.260313	55.014099	55.253586	55.858761	55.291901	50.352024	0	0	0	0	0	0	"I	n	w	"I	2	win	32.653255	37.114227	35.216427	37.114227	confused-75	None	-2	0	None
5.260313	5.360312	409.380524	409.380524	409.380524	45.209061	39.578533	50.389015	5.260313	5.360312	50.352024	50.389015	39.578533	45.677078	40.526432	0	0	0	0	0	0	n	dZ	"I	"oU	3	win	32.653255	37.114227	32.320946	34.324387	confused-75	None	-1	0	None
5.360312	5.450313	514.971069	514.971069	514.971069	43.215508	40.214241	46.428185	5.360312	5.450313	40.526432	43.307060	43.025841	40.214241	46.428185	0	0	0	0	0	0	dZ	"oU	n	"oU	1	joan	28.895988	36.842636	29.265249	36.842636	confused-75	None	-3	0	None
5.450313	5.630312	375.283173	340.917542	409.648804	46.557980	43.425423	50.949207	5.450313	5.630312	46.428185	43.425423	49.950180	46.940826	44.373013	0	0	0	0	0	0	"oU	n	dZ	"oU	2	joan	28.895988	36.842636	27.744423	35.126011	confused-75	None	-2	0	None
5.630312	5.870313	447.471863	290.565430	678.751648	39.939877	20.921997	46.758690	5.630312	5.870313	44.373013	44.950291	36.723282	40.663509	20.921997	0	0	0	0	0	0	n	sil	"oU	"i	3	joan	28.895988	36.842636	28.455450	34.110416	confused-75	None	-1	0	None
5.870313	22.047935	--undefined--	--undefined--	--undefined--	-299.472626	-300.000000	20.921997	5.870313	22.047935	20.921997	-300.000000	-300.000000	-300.000000	-300.000000	0	0	0	0	0	0	sil	s	n	"i	1	.	9.818626	9.818626	9.818626	9.818626	confused-75	None	-1	0	None
22.047935	22.107935	591.285339	591.285339	591.285339	-5.760931	-300.000000	53.955879	22.047935	22.107935	-300.000000	42.955822	46.262859	52.238884	50.610561	0	0	0	0	0	0	s	"i	sil	"i	1	see	29.560089	36.516048	29.774620	36.516048	polite-60	None	-2	0	None
22.107935	22.137936	513.464722	513.464722	513.464722	47.814766	44.591568	50.610561	22.107935	22.137936	50.610561	49.467388	46.589542	44.591568	44.591568	0	0	0	0	0	0	"i	spn	s	"i	2	see	29.560089	36.516048	28.916494	28.916494	polite-60	None	-1	0	None
22.137936	22.357935	456.693512	370.083435	590.305542	49.343048	44.308998	54.627728	22.137936	22.357935	44.591568	48.677574	50.157448	52.539589	47.767044	0	0	0	0	0	0	spn	j	"i	"u	1	XXNONVERBALXX	31.838869	38.669888	31.838869	38.669888	polite-60	None	-1	0	None
22.357935	22.417934	--undefined--	--undefined--	--undefined--	51.746918	47.767044	56.121902	22.357935	22.417934	47.767044	49.916656	50.406116	56.121902	54.897076	0	0	0	0	0	0	j	"u	spn	"u	1	you	32.001141	39.285038	39.285038	39.285038	polite-60	None	-2	0	None
22.417934	22.477936	410.434784	410.434784	410.434784	54.269176	51.741108	56.331245	22.417934	22.477936	54.897076	56.270977	56.331245	52.941631	54.516811	0	0	0	0	0	0	"u	s	j	"u	2	you	32.001141	39.285038	32.001141	39.285038	polite-60	None	-1	0	None
22.477936	22.607935	386.625519	230.921326	518.520508	54.959469	51.626022	57.623985	22.477936	22.607935	54.516811	55.451984	56.989761	54.391232	54.014648	0	0	0	0	0	0	s	"u	"u	"u	1	soon	34.926350	39.108547	30.239107	30.239107	polite-60	None	-3	0	None
22.607935	22.757935	341.109711	341.109711	341.109711	58.279739	54.014648	60.497974	22.607935	22.757935	54.014648	58.329163	58.815121	59.683479	55.036827	0	0	0	0	0	0	"u	n	s	"u	2	soon	34.926350	39.108547	35.357185	38.954029	polite-60	None	-2	0	None
22.757935	22.877934	291.008270	291.008270	291.008270	53.076443	49.988106	56.030331	22.757935	22.877934	55.036827	54.185173	49.988106	52.946152	52.390045	0	0	0	0	0	0	n	dZ	"u	"oU	3	soon	34.926350	39.108547	35.297558	39.108547	polite-60	None	-1	0	None
22.877934	22.927935	--undefined--	--undefined--	--undefined--	52.578945	52.134964	53.691517	22.877934	22.927935	52.390045	52.355164	52.171406	52.134964	52.730568	0	0	0	0	0	0	dZ	"oU	n	"oU	1	joan	33.517025	38.359100	31.512791	37.041744	polite-60	None	-3	0	None
22.927935	23.117935	231.005829	231.005829	231.005829	49.591053	45.488415	52.945141	22.927935	23.117935	52.730568	50.720211	47.101170	51.680527	47.277546	0	0	0	0	0	0	"oU	n	dZ	"oU	2	joan	33.517025	38.359100	33.714722	37.980511	polite-60	None	-2	0	None
23.117935	23.187935	409.325409	409.325409	409.325409	50.099834	47.277546	53.504616	23.117935	23.187935	47.277546	51.413502	49.351044	48.297371	53.504616	0	0	0	0	0	0	n	spn	"oU	^	3	joan	33.517025	38.359100	32.124516	38.359100	polite-60	None	-1	0	None
23.187935	23.359999	429.970398	341.694305	518.246460	47.854229	30.380280	58.413643	23.187935	23.359999	53.504616	44.922012	43.135773	54.819683	30.380280	0	0	0	0	0	0	spn	sil	n	^	1	XXNONVERBALXX	35.720058	45.095322	35.720058	45.095322	polite-60	None	-1	0	None
23.359999	23.999001	--undefined--	--undefined--	--undefined--	-290.860413	-300.000000	30.380280	23.359999	23.999001	30.380280	-300.000000	-300.000000	-300.000000	-300.000000	0	0	0	0	0	0	sil	^	spn	^	1	.	--undefined--	--undefined--	--undefined--	--undefined--	polite-60	None	-1	0	None