template	NADA	0	2
0.000000	0.100000	--undefined--	--undefined--	--undefined--	24.155785	21.581171	25.580179	0.000000	0.100000	25.222771	24.916698	25.001461	24.077148	21.581171	0	0	0	0	0	0	sil	h	^	"oU	1	.	24.960817	25.653385	24.960817	25.653385	None	None	-1	0	
0.100000	0.140000	--undefined--	--undefined--	--undefined--	24.495640	21.581171	31.576614	0.100000	0.140000	21.581171	21.581171	21.591570	31.576614	31.576614	0	0	0	0	0	0	h	w	sil	"oU	1	whoa	25.298840	31.550381	21.321741	27.008244	surprised-85	None	-3	0	None
0.140000	0.250000	--undefined--	--undefined--	--undefined--	45.004177	31.576614	50.319424	0.140000	0.250000	31.576614	47.268799	50.319424	45.065235	45.686459	0	0	0	0	0	0	w	"oU	h	"oU	2	whoa	25.298840	31.550381	27.080318	31.550381	surprised-85	None	-2	0	None
0.250000	0.550000	401.660400	80.485695	658.292725	43.712570	29.908611	48.018993	0.250000	0.550000	45.686459	45.116291	48.018993	43.370346	29.908611	0	0	0	0	0	0	"oU	sil	w	"oU	3	whoa	25.298840	31.550381	25.423044	29.563704	surprised-85	None	-1	0	None
0.550000	1.170438	--undefined--	--undefined--	--undefined--	-277.196960	-300.000000	29.908611	0.550000	1.170438	29.908611	-300.000000	-300.000000	-300.000000	-17.749994	0	0	0	0	0	0	sil	j	"oU	"U	1	.	8.123368	8.123368	8.123368	8.123368	surprised-85	None	-1	0	None
1.170438	1.240438	371.385193	371.385193	371.385193	22.486668	-17.749994	37.401405	1.170438	1.240438	-17.749994	23.806105	24.182749	26.423502	37.401405	0	0	0	0	0	0	j	"U	sil	"U	1	you	21.522846	30.984709	19.157379	23.427101	surprised-85	None	-2	0	None
1.240438	1.270438	410.347717	410.347717	410.347717	42.058273	37.401405	46.258751	1.240438	1.270438	37.401405	37.401405	43.757420	40.815510	46.258751	0	0	0	0	0	0	"U	d	j	"U	2	you	21.522846	30.984709	30.984709	30.984709	surprised-85	None	-1	0	None
1.270438	1.370438	245.987885	245.987885	245.987885	45.287888	37.049820	51.266445	1.270438	1.370438	46.258751	45.555134	37.049820	40.870255	50.771614	0	0	0	0	0	0	d	I	"U	I	1	did	31.414545	38.971325	34.583641	38.971325	surprised-85	None	-3	0	None
1.370438	1.410438	340.800568	340.800568	340.800568	46.725929	42.199455	50.771614	1.370438	1.410438	50.771614	49.876026	46.327805	44.454746	42.199455	0	0	0	0	0	0	I	d	d	I	2	did	31.414545	38.971325	27.399176	33.977169	surprised-85	None	-2	0	None
1.410438	1.440438	519.293518	519.293518	519.293518	44.730515	39.559803	54.041466	1.410438	1.440438	42.199455	42.199455	39.559803	43.121319	54.041466	0	0	0	0	0	0	d	D	I	"V	3	did	31.414545	38.971325	26.192596	31.870285	surprised-85	None	-1	0	None
1.440438	1.500437	519.293518	519.293518	519.293518	50.616890	46.523636	54.041466	1.440438	1.500437	54.041466	53.480484	50.673759	50.340572	51.297859	0	0	0	0	0	0	D	"V	d	"V	1	the	29.159550	35.813477	34.016483	35.787136	surprised-85	None	-2	0	None
1.500437	1.630438	519.372192	519.372192	519.372192	46.263897	42.279877	54.065365	1.500437	1.630438	51.297859	54.065365	42.426838	44.307140	43.737560	0	0	0	0	0	0	"V	"O	D	"V	2	the	29.159550	35.813477	26.731079	35.813477	surprised-85	None	-1	0	None
1.630438	1.660438	--undefined--	--undefined--	--undefined--	42.017128	40.518303	43.737560	1.630438	1.660438	43.737560	43.737560	40.518303	40.757870	43.054779	0	0	0	0	0	0	"O	r\	"V	"O	1	orange	26.394299	34.935261	--undefined--	--undefined--	surprised-85	None	-5	0	None
1.660438	1.730438	470.535980	408.728455	593.098083	42.026100	41.374069	43.054779	1.660438	1.730438	43.054779	41.546227	42.209858	41.673576	41.374069	0	0	0	0	0	0	r\	V	"O	V	2	orange	26.394299	34.935261	24.811056	28.851116	surprised-85	None	-4	0	None
1.730438	1.800438	593.098083	593.098083	593.098083	39.786629	36.392776	42.076759	1.730438	1.800438	41.374069	40.794674	42.076759	39.570881	36.392776	0	0	0	0	0	0	V	n	r\	V	3	orange	26.394299	34.935261	25.787155	27.779812	surprised-85	None	-3	0	None
1.800438	1.850438	--undefined--	--undefined--	--undefined--	35.389908	29.814766	38.830112	1.800438	1.850438	36.392776	38.830112	37.779793	35.611374	33.910652	0	0	0	0	0	0	n	dZ	V	"aU	4	orange	26.394299	34.935261	23.658321	23.658321	surprised-85	None	-2	0	None
1.850438	1.980438	231.208023	231.208023	231.208023	34.470196	28.452080	39.048027	1.850438	1.980438	33.910652	37.286983	35.773911	31.983940	31.773798	0	0	0	0	0	0	dZ	sil	n	"aU	5	orange	26.394299	34.935261	27.901638	34.935261	surprised-85	None	-1	0	None
1.980438	2.370438	460.133484	231.724304	691.019958	-134.910370	-300.000000	31.773798	1.980438	2.370438	31.773798	19.627407	-73.678162	-300.000000	-7.407423	0	0	0	0	0	0	sil	h	dZ	"aU	1	.	17.077143	25.614225	17.077143	25.614225	surprised-85	None	-1	0	None
2.370438	2.490438	--undefined--	--undefined--	--undefined--	38.121315	-7.407423	49.482086	2.370438	2.490438	-7.407423	34.702225	46.717041	48.799965	48.869064	0	0	0	0	0	0	h	"aU	sil	"aU	1	how'd	27.152346	38.176632	27.056208	38.176632	surprised-85	None	-3	0	None
2.490438	2.530437	--undefined--	--undefined--	--undefined--	48.054863	45.943775	48.869064	2.490438	2.530437	48.869064	48.544044	48.825993	48.091431	45.943775	0	0	0	0	0	0	"aU	d	h	"aU	2	how'd	27.152346	38.176632	29.369932	29.539536	surprised-85	None	-2	0	None
2.530437	2.610437	385.894348	256.224365	515.564331	42.177212	30.914028	47.616913	2.530437	2.610437	45.943775	35.280216	39.372944	47.175575	44.815231	0	0	0	0	0	0	d	j	"aU	"u	3	how'd	27.152346	38.176632	26.904724	35.989071	surprised-85	None	-1	0	None
2.610437	2.640438	198.096222	198.096222	198.096222	44.051212	41.188065	45.356144	2.610437	2.640438	44.815231	44.815231	45.356144	44.845421	41.188065	0	0	0	0	0	0	j	"u	d	"u	1	you	15.731425	15.731425	--undefined--	--undefined--	surprised-85	None	-2	0	None
2.640438	2.670438	--undefined--	--undefined--	--undefined--	33.830051	28.375853	41.188065	2.640438	2.670438	41.188065	41.188065	36.790524	28.375853	28.965755	0	0	0	0	0	0	"u	d	j	"u	2	you	15.731425	15.731425	15.731425	15.731425	surprised-85	None	-1	0	None
2.670438	2.740438	--undefined--	--undefined--	--undefined--	42.011971	27.208406	49.321091	2.670438	2.740438	28.965755	27.208406	46.113224	49.321091	48.867893	0	0	0	0	0	0	d	"u	"u	"u	1	do	27.419436	32.256290	23.807396	31.883366	surprised-85	None	-2	0	None
2.740438	2.790437	--undefined--	--undefined--	--undefined--	46.969585	42.108376	48.994354	2.740438	2.790437	48.867893	48.994354	48.888130	48.156300	42.108376	0	0	0	0	0	0	"u	D	d	"u	2	do	27.419436	32.256290	29.225456	32.256290	surprised-85	None	-1	0	None
2.790437	2.830437	--undefined--	--undefined--	--undefined--	45.426079	42.108376	48.743816	2.790437	2.830437	42.108376	44.353710	45.304829	46.619678	48.743816	0	0	0	0	0	0	D	"V	"u	"V	1	the	25.992754	32.186104	28.534668	32.186104	surprised-85	None	-2	0	None
2.830437	2.970438	524.459534	454.666840	594.252258	44.940308	42.129105	49.089806	2.830437	2.970438	48.743816	42.147461	42.129105	46.869232	45.673328	0	0	0	0	0	0	"V	"O	D	"V	2	the	25.992754	32.186104	25.145452	31.937481	surprised-85	None	-1	0	None
2.970438	3.020437	594.252258	594.252258	594.252258	46.718082	44.655586	52.155895	2.970438	3.020437	45.673328	45.610691	44.925137	44.655586	52.155895	0	0	0	0	0	0	"O	r\	"V	"O	1	orange	24.492388	32.201351	25.695007	30.067345	surprised-85	None	-5	0	None
3.020437	3.090437	--undefined--	--undefined--	--undefined--	44.934734	42.225155	52.155895	3.020437	3.090437	52.155895	47.343124	43.975861	43.549019	43.569469	0	0	0	0	0	0	r\	V	"O	V	2	orange	24.492388	32.201351	26.467525	30.823872	surprised-85	None	-4	0	None
3.090437	3.180438	519.852051	519.852051	519.852051	38.562401	33.644455	43.569469	3.090437	3.180438	43.569469	41.278034	38.390537	35.944450	33.644455	0	0	0	0	0	0	V	n	r\	V	3	orange	24.492388	32.201351	20.783089	25.852661	surprised-85	None	-3	0	None
3.180438	3.240438	520.177551	520.177551	520.177551	30.017429	25.297697	33.644455	3.180438	3.240438	33.644455	33.473618	29.125389	30.312574	26.551041	0	0	0	0	0	0	n	dZ	V	"aU	4	orange	24.492388	32.201351	21.394190	26.522036	surprised-85	None	-2	0	None
3.240438	3.350437	--undefined--	--undefined--	--undefined--	26.369665	16.543030	35.577633	3.240438	3.350437	26.551041	35.577633	30.419676	20.332142	16.543030	0	0	0	0	0	0	dZ	sil	n	"aU	5	orange	24.492388	32.201351	24.224174	32.201351	surprised-85	None	-1	0	None
3.350437	6.662375	340.628052	340.628052	340.628052	-280.537567	-300.000000	21.325256	3.350437	6.662375	16.543030	-300.000000	-300.000000	-300.000000	20.148537	0	0	0	0	0	0	sil	h	dZ	"aU	1	.	16.730259	25.594479	16.730259	25.594479	surprised-85	None	-1	0	None
6.662375	6.792375	--undefined--	--undefined--	--undefined--	37.294533	20.148537	50.952335	6.662375	6.792375	20.148537	29.542316	38.838417	45.094074	50.952335	0	0	0	0	0	0	h	"aU	sil	"aU	1	how	22.357248	34.479786	23.650185	34.479786	surprised-85	None	-2	0	None
6.792375	7.042375	406.160126	290.953278	517.958130	37.659122	20.613058	52.844498	6.792375	7.042375	50.952335	46.377472	42.073570	30.639179	21.332626	0	0	0	0	0	0	"aU	sil	h	"aU	2	how	22.357248	34.479786	21.193604	33.744396	surprised-85	None	-1	0	None
7.042375	14.454187	364.063629	231.259018	458.683624	-281.820343	-300.000000	22.342327	7.042375	14.454187	21.332626	-300.000000	-300.000000	-300.000000	22.342327	0	0	0	0	0	0	sil	tS	"aU	"E	1	.	16.495388	26.141912	16.495388	26.141912	surprised-85	None	-1	0	None
14.454187	14.534187	231.076202	231.076202	231.076202	37.190453	22.342327	48.042431	14.454187	14.534187	22.342327	36.365665	48.042431	41.426754	37.765480	0	0	0	0	0	0	tS	"E	sil	"E	1	check	30.915070	37.249329	32.264160	37.249329	happy-78	None	-3	0	None
14.534187	14.564188	--undefined--	--undefined--	--undefined--	41.437614	37.765480	45.173225	14.534187	14.564188	37.765480	45.173225	45.173225	44.287941	38.523804	0	0	0	0	0	0	"E	k	tS	"E	2	check	30.915070	37.249329	30.437479	32.600906	happy-78	None	-2	0	None
14.564188	14.604187	370.998291	370.998291	370.998291	35.069992	33.047363	38.523804	14.564188	14.604187	38.523804	34.637939	33.178307	33.047363	35.962540	0	0	0	0	0	0	k	"I	"E	"I	3	check	30.915070	37.249329	28.806917	30.915623	happy-78	None	-1	0	None
14.604187	14.634188	370.998291	370.998291	370.998291	41.265125	35.962540	44.259014	14.604187	14.634188	35.962540	42.456059	42.456059	44.259014	42.382893	0	0	0	0	0	0	"I	t	k	"I	1	it	26.810524	29.794806	25.926819	29.794806	happy-78	None	-2	0	None
14.634188	14.664188	410.183746	410.183746	410.183746	43.122650	40.950348	45.030308	14.634188	14.664188	42.382893	40.950348	40.950348	44.127060	45.030308	0	0	0	0	0	0	t	"aU	"I	"aU	2	it	26.810524	29.794806	25.561972	28.908096	happy-78	None	-1	0	None
14.664188	14.784187	409.652679	409.652679	409.652679	41.945332	35.060600	45.273495	14.664188	14.784187	45.030308	44.613457	43.034737	40.559277	35.060600	0	0	0	0	0	0	"aU	t	t	"aU	1	out	24.734833	29.483006	24.423052	29.483006	happy-78	None	-2	0	None
14.784187	14.834188	--undefined--	--undefined--	--undefined--	31.081575	27.316759	35.060600	14.784187	14.834188	35.060600	32.938644	31.498671	29.225891	27.316759	0	0	0	0	0	0	t	r\	"aU	"eI	2	out	24.734833	29.483006	25.544685	28.492872	happy-78	None	-1	0	None
14.834188	14.884188	408.843750	408.843750	408.843750	34.048374	27.316759	39.067768	14.834188	14.884188	27.316759	31.307602	33.485039	37.281334	39.067768	0	0	0	0	0	0	r\	"eI	t	"eI	1	rachel	26.549133	36.497299	26.696741	26.696741	happy-78	None	-5	0	None
14.884188	14.924189	408.843750	408.843750	408.843750	39.209503	36.371368	41.033813	14.884188	14.924189	39.067768	39.618813	41.033813	39.955757	36.371368	0	0	0	0	0	0	"eI	tS	r\	"eI	2	rachel	26.549133	36.497299	26.217375	31.026304	happy-78	None	-4	0	None
14.924189	15.004189	290.660309	290.660309	290.660309	34.264755	31.816580	37.642902	14.924189	15.004189	36.371368	31.886368	34.858292	37.115860	31.862045	0	0	0	0	0	0	tS	V	"eI	V	3	rachel	26.549133	36.497299	29.760494	36.497299	happy-78	None	-3	0	None
15.004189	15.044188	--undefined--	--undefined--	--undefined--	27.443951	24.219749	31.862045	15.004189	15.044188	31.862045	29.627645	26.428320	25.081999	24.219749	0	0	0	0	0	0	V	l	tS	V	4	rachel	26.549133	36.497299	25.526749	31.629539	happy-78	None	-2	0	None
15.044188	15.134188	--undefined--	--undefined--	--undefined--	22.531403	20.486423	24.219749	15.044188	15.134188	24.219749	24.073523	23.217312	21.660706	20.486423	0	0	0	0	0	0	l	sil	V	"A	5	rachel	26.549133	36.497299	23.746582	27.288406	happy-78	None	-1	0	None
15.134188	15.179999	--undefined--	--undefined--	--undefined--	24.938644	19.999655	39.611843	15.134188	15.179999	20.486423	19.999655	20.506878	21.065187	39.611843	0	0	0	0	0	0	sil	spn	l	"A	1	.	19.706753	21.677217	19.706753	21.677217	happy-78	None	-1	0	None
15.179999	15.290000	--undefined--	--undefined--	--undefined--	36.264824	31.512835	42.000885	15.179999	15.290000	39.611843	38.828568	36.146519	36.764179	31.512835	0	0	0	0	0	0	spn	sil	sil	"A	1	XXNONVERBALXX	26.964960	29.330349	26.964960	29.330349	happy-78	None	-1	0	None
15.290000	20.158501	607.931885	517.593201	698.270508	-271.320831	-300.000000	31.512835	15.290000	20.158501	31.512835	-300.000000	-300.000000	-300.000000	20.107000	0	0	0	0	0	0	sil	m	spn	"A	1	.	18.799124	25.133036	18.799124	25.133036	happy-78	None	-1	0	None
20.158501	20.238501	301.968384	231.067978	372.868774	25.188713	20.107000	29.299679	20.158501	20.238501	20.107000	22.910196	28.006908	26.737934	29.299679	0	0	0	0	0	0	m	"A	sil	"A	1	marty	20.899147	31.315002	17.745682	23.210136	happy-78	None	-4	0	None
20.238501	20.358500	567.169983	514.374634	669.498535	28.001940	24.144272	31.054935	20.238501	20.358500	29.299679	31.054935	30.298395	26.152065	24.144272	0	0	0	0	0	0	"A	t	m	"A	2	marty	20.899147	31.315002	18.542795	24.249367	happy-78	None	-3	0	None
20.358500	20.388500	--undefined--	--undefined--	--undefined--	24.062338	23.769165	24.171526	20.358500	20.388500	24.144272	24.164391	23.769165	24.171526	24.171526	0	0	0	0	0	0	t	i	"A	i	3	marty	20.899147	31.315002	15.815022	23.423882	happy-78	None	-2	0	None
20.388500	20.428499	340.214386	340.214386	340.214386	25.823614	22.573418	31.277025	20.388500	20.428499	24.171526	22.573418	23.405750	27.690351	31.277025	0	0	0	0	0	0	i	s	t	i	4	marty	20.899147	31.315002	27.126015	31.315002	happy-78	None	-1	0	None
20.428499	20.518499	--undefined--	--undefined--	--undefined--	33.809570	31.277025	38.005974	20.428499	20.518499	31.277025	33.399197	32.984013	36.614746	35.627975	0	0	0	0	0	0	s	V	i	V	1	supreme	25.138317	35.586273	28.909924	35.586273	happy-78	None	-6	0	None
20.518499	20.568501	--undefined--	--undefined--	--undefined--	26.110298	20.586016	35.627975	20.518499	20.568501	35.627975	24.888882	20.897074	20.586016	23.822691	0	0	0	0	0	0	V	p	s	V	2	supreme	25.138317	35.586273	17.149948	19.443192	happy-78	None	-5	0	None
20.568501	20.628500	340.431244	340.431244	340.431244	26.083454	20.580854	32.930065	20.568501	20.628500	23.822691	20.580854	23.294409	32.930065	32.300629	0	0	0	0	0	0	p	r\	V	"i	3	supreme	25.138317	35.586273	16.646254	21.179043	happy-78	None	-4	0	None
20.628500	20.668499	340.431244	340.431244	340.431244	32.656219	27.149284	38.918320	20.628500	20.668499	32.300629	30.040627	27.149284	34.872238	38.918320	0	0	0	0	0	0	r\	"i	p	"i	4	supreme	25.138317	35.586273	20.724106	28.364355	happy-78	None	-3	0	None
20.668499	20.698500	--undefined--	--undefined--	--undefined--	38.069420	35.943962	38.930077	20.668499	20.698500	38.918320	35.943962	38.930077	38.485325	38.485325	0	0	0	0	0	0	"i	m	r\	"i	5	supreme	25.138317	35.586273	28.719509	30.619892	happy-78	None	-2	0	None
20.698500	20.778500	521.797119	521.797119	521.797119	39.475521	38.485325	41.102520	20.698500	20.778500	38.485325	39.367001	38.791397	39.783482	40.747112	0	0	0	0	0	0	m	D	"i	i	6	supreme	25.138317	35.586273	29.545746	30.426144	happy-78	None	-1	0	None
20.778500	20.808500	--undefined--	--undefined--	--undefined--	37.596703	32.632874	40.747112	20.778500	20.808500	40.747112	38.687111	32.632874	38.319725	38.319725	0	0	0	0	0	0	D	i	m	i	1	the	27.530945	28.533203	26.596474	28.453762	happy-78	None	-2	0	None
20.808500	20.838501	--undefined--	--undefined--	--undefined--	36.272087	32.223003	39.344353	20.808500	20.838501	38.319725	35.201263	32.223003	39.344353	39.344353	0	0	0	0	0	0	i	V	D	i	2	the	27.530945	28.533203	28.465418	28.533203	happy-78	None	-1	0	None
20.838501	20.878500	--undefined--	--undefined--	--undefined--	34.984306	27.789297	39.344353	20.838501	20.878500	39.344353	38.477528	37.545490	31.764860	27.789297	0	0	0	0	0	0	V	f	i	V	1	official	25.886574	35.789570	23.696512	28.397633	happy-78	None	-6	0	None
20.878500	20.968500	352.925781	296.264008	409.587585	29.333216	27.067024	35.378448	20.878500	20.968500	27.789297	27.067024	30.744364	28.718906	35.378448	0	0	0	0	0	0	f	"I	V	"I	2	official	25.886574	35.789570	24.649103	26.124802	happy-78	None	-5	0	None
20.968500	21.008499	520.006531	520.006531	520.006531	38.620884	35.378448	40.693134	20.968500	21.008499	35.378448	40.021420	40.558647	40.693134	36.452755	0	0	0	0	0	0	"I	S	f	"I	3	official	25.886574	35.789570	27.930794	31.374367	happy-78	None	-4	0	None
21.008499	21.088499	514.882507	514.882507	514.882507	35.552307	31.946880	37.724060	21.008499	21.088499	36.452755	36.033882	37.724060	34.861443	31.946880	0	0	0	0	0	0	S	V	"I	V	4	official	25.886574	35.789570	31.437355	35.789570	happy-78	None	-3	0	None
21.088499	21.118500	--undefined--	--undefined--	--undefined--	29.495071	27.653965	31.946880	21.088499	21.118500	31.946880	29.333504	27.653965	29.045933	29.045933	0	0	0	0	0	0	V	l	S	V	5	official	25.886574	35.789570	20.249687	21.556627	happy-78	None	-2	0	None
21.118500	21.148500	--undefined--	--undefined--	--undefined--	34.640682	29.045933	37.354065	21.118500	21.148500	29.045933	37.354065	37.261959	34.900768	34.900768	0	0	0	0	0	0	l	m	V	"A	6	official	25.886574	35.789570	24.764473	27.283730	happy-78	None	-1	0	None
21.148500	21.228500	525.150208	525.150208	525.150208	36.531540	32.875954	39.758190	21.148500	21.228500	34.900768	32.875954	36.995308	36.523476	39.758190	0	0	0	0	0	0	m	"A	l	"A	1	marty	24.685839	31.433605	23.099670	26.967623	happy-78	None	-4	0	None
21.228500	21.258499	290.945587	290.945587	290.945587	37.945038	32.487186	39.797096	21.228500	21.258499	39.758190	39.737675	39.797096	32.487186	32.487186	0	0	0	0	0	0	"A	t	m	"A	2	marty	24.685839	31.433605	27.782784	31.433605	happy-78	None	-3	0	None
21.258499	21.288500	--undefined--	--undefined--	--undefined--	34.302212	32.487186	37.395401	21.258499	21.288500	32.487186	34.164772	37.395401	33.161484	33.161484	0	0	0	0	0	0	t	i	"A	i	3	marty	24.685839	31.433605	25.640696	25.640696	happy-78	None	-2	0	None
21.288500	21.318501	--undefined--	--undefined--	--undefined--	34.969612	32.277790	38.425301	21.288500	21.318501	33.161484	38.425301	32.277790	36.013866	36.013866	0	0	0	0	0	0	i	m	t	i	4	marty	24.685839	31.433605	28.086384	28.086384	happy-78	None	-1	0	None
21.318501	21.438499	529.277344	529.277344	529.277344	34.435913	25.405582	39.126366	21.318501	21.438499	36.013866	39.126366	38.901169	35.642994	36.499851	0	0	0	0	0	0	m	"aU	i	"aU	1	mauser	25.100487	28.171595	24.840908	28.171595	happy-78	None	-4	0	None
21.438499	21.468500	--undefined--	--undefined--	--undefined--	34.308090	31.475975	37.085670	21.438499	21.468500	36.499851	31.475975	37.085670	32.170853	32.170853	0	0	0	0	0	0	"aU	s	m	"aU	2	mauser	25.100487	28.171595	--undefined--	--undefined--	happy-78	None	-3	0	None
21.468500	21.498499	--undefined--	--undefined--	--undefined--	32.977913	31.571238	36.265522	21.468500	21.498499	32.170853	36.265522	31.904047	31.571238	31.571238	0	0	0	0	0	0	s	E	"aU	E	3	mauser	25.100487	28.171595	22.424555	22.424555	happy-78	None	-2	0	None
21.498499	21.528500	--undefined--	--undefined--	--undefined--	33.301292	30.996284	35.822128	21.498499	21.528500	31.571238	35.822128	34.815514	30.996284	30.996284	0	0	0	0	0	0	E	tS	s	E	4	mauser	25.100487	28.171595	27.087395	27.266924	happy-78	None	-1	0	None
21.528500	21.558500	410.006134	410.006134	410.006134	29.492352	28.260391	30.996284	21.528500	21.558500	30.996284	29.731926	28.980808	28.260391	28.260391	0	0	0	0	0	0	tS	"{	E	"{	1	championship	25.420698	33.434826	27.267729	27.830700	happy-78	None	-10	0	None
21.558500	21.588499	--undefined--	--undefined--	--undefined--	26.881174	23.046358	28.663500	21.558500	21.588499	28.260391	28.663500	27.554451	23.046358	23.046358	0	0	0	0	0	0	"{	m	tS	"{	2	championship	25.420698	33.434826	25.058853	28.429392	happy-78	None	-9	0	None
21.588499	21.618500	--undefined--	--undefined--	--undefined--	23.525887	21.769392	24.958927	21.588499	21.618500	23.046358	24.328869	21.769392	24.958927	24.958927	0	0	0	0	0	0	m	p	"{	i	3	championship	25.420698	33.434826	21.442265	22.394102	happy-78	None	-8	0	None
21.618500	21.688499	--undefined--	--undefined--	--undefined--	32.347725	24.958927	41.397537	21.618500	21.688499	24.958927	39.494621	37.223400	26.369036	26.373573	0	0	0	0	0	0	p	i	m	i	4	championship	25.420698	33.434826	29.207962	33.434826	happy-78	None	-7	0	None
21.688499	21.728500	--undefined--	--undefined--	--undefined--	34.113548	26.373573	40.790771	21.688499	21.728500	26.373573	28.801220	35.851879	38.750305	40.790771	0	0	0	0	0	0	i	V	p	i	5	championship	25.420698	33.434826	24.511282	25.622892	happy-78	None	-6	0	None
21.728500	21.758499	515.643799	515.643799	515.643799	32.888580	26.604090	40.790771	21.728500	21.758499	40.790771	35.993412	26.604090	28.166061	28.166061	0	0	0	0	0	0	V	n	i	V	6	championship	25.420698	33.434826	23.860117	27.044123	happy-78	None	-5	0	None
21.758499	21.808500	515.643799	515.643799	515.643799	34.422585	28.166061	37.154434	21.758499	21.808500	28.166061	36.334515	35.637009	36.952446	37.154434	0	0	0	0	0	0	n	S	V	%I	7	championship	25.420698	33.434826	25.035427	27.828606	happy-78	None	-4	0	None
21.808500	21.918499	339.997986	339.306152	340.689819	32.437565	26.788143	37.432236	21.808500	21.918499	37.154434	26.788143	33.179611	35.321869	27.242458	0	0	0	0	0	0	S	%I	n	%I	8	championship	25.420698	33.434826	28.938211	33.312515	happy-78	None	-3	0	None
21.918499	21.948500	411.022125	411.022125	411.022125	24.486307	20.878975	27.242458	21.918499	21.948500	27.242458	25.601561	24.222237	20.878975	20.878975	0	0	0	0	0	0	%I	p	S	%I	9	championship	25.420698	33.434826	17.666838	26.441088	happy-78	None	-2	0	None
21.948500	22.018499	431.375366	410.420441	452.330292	23.243414	17.258366	35.215515	21.948500	22.018499	20.878975	17.258366	20.465908	29.822353	21.992126	0	0	0	0	0	0	p	t	%I	"eI	10	championship	25.420698	33.434826	20.091650	21.320307	happy-78	None	-1	0	None
22.018499	22.098499	457.196075	457.196075	457.196075	28.817518	21.992126	36.232628	22.018499	22.098499	21.992126	35.466160	31.019039	26.665442	25.434351	0	0	0	0	0	0	t	"eI	p	"eI	1	table	22.947783	26.379349	24.079582	25.630463	happy-78	None	-5	0	None
22.098499	22.128500	--undefined--	--undefined--	--undefined--	31.459900	25.434351	38.226513	22.098499	22.128500	25.434351	35.028439	38.226513	27.150299	27.150299	0	0	0	0	0	0	"eI	b	t	"eI	2	table	22.947783	26.379349	26.004906	26.379349	happy-78	None	-4	0	None
22.128500	22.168501	--undefined--	--undefined--	--undefined--	23.271116	21.988726	27.150299	22.128500	22.168501	27.150299	22.524513	22.686932	21.988726	22.005117	0	0	0	0	0	0	b	V	"eI	V	3	table	22.947783	26.379349	24.130064	26.379349	happy-78	None	-3	0	None
22.168501	22.198500	--undefined--	--undefined--	--undefined--	24.242702	22.005117	26.566782	22.168501	22.198500	22.005117	26.566782	26.034822	22.364090	22.364090	0	0	0	0	0	0	V	l	b	V	4	table	22.947783	26.379349	20.695650	26.303156	happy-78	None	-2	0	None
22.198500	22.228500	--undefined--	--undefined--	--undefined--	22.871880	21.228621	24.259983	22.198500	22.228500	22.364090	21.228621	23.634823	24.259983	24.259983	0	0	0	0	0	0	l	t	V	"E	5	table	22.947783	26.379349	23.216103	25.055069	happy-78	None	-1	0	None
22.228500	22.328501	--undefined--	--undefined--	--undefined--	26.578859	21.428797	33.476017	22.228500	22.328501	24.259983	24.920053	32.383492	24.862841	24.562914	0	0	0	0	0	0	t	"E	l	"E	1	tennis	23.577217	31.881443	22.675102	28.312107	happy-78	None	-5	0	None
22.328501	22.358500	372.011261	372.011261	372.011261	33.974400	24.562914	37.900558	22.328501	22.358500	24.562914	35.718758	37.715366	37.900558	37.900558	0	0	0	0	0	0	"E	n	t	"E	2	tennis	23.577217	31.881443	24.611469	26.594357	happy-78	None	-4	0	None
22.358500	22.418501	372.266052	372.011261	372.520813	36.313438	34.315659	37.900558	22.358500	22.418501	37.900558	35.764988	36.906460	34.486340	37.668827	0	0	0	0	0	0	n	V	"E	V	3	tennis	23.577217	31.881443	20.854298	27.951454	happy-78	None	-3	0	None
22.418501	22.458500	--undefined--	--undefined--	--undefined--	34.059307	28.572506	37.668827	22.418501	22.458500	37.668827	36.775719	33.688625	28.572506	33.590843	0	0	0	0	0	0	V	s	n	V	4	tennis	23.577217	31.881443	21.272902	31.881443	happy-78	None	-2	0	None
22.458500	22.518501	--undefined--	--undefined--	--undefined--	29.522598	21.070185	34.353554	22.458500	22.518501	33.590843	34.353554	33.731167	23.511444	21.070185	0	0	0	0	0	0	s	b	V	"O	5	tennis	23.577217	31.881443	27.018614	31.881443	happy-78	None	-1	0	None
22.518501	22.578501	--undefined--	--undefined--	--undefined--	20.153721	18.149471	24.116722	22.518501	22.578501	21.070185	19.048349	18.526237	21.641987	24.116722	0	0	0	0	0	0	b	"O	s	"O	1	ball	21.459141	25.286339	19.591366	22.827568	happy-78	None	-3	0	None
22.578501	22.648500	372.303467	372.303467	372.303467	24.362398	22.431458	26.553183	22.578501	22.648500	24.116722	23.933163	23.583128	25.577801	25.706360	0	0	0	0	0	0	"O	l	b	"O	2	ball	21.459141	25.286339	21.979128	25.286339	happy-78	None	-2	0	None
22.648500	22.698500	677.363708	677.363708	677.363708	31.447906	21.547188	37.688248	22.648500	22.698500	25.706360	37.688248	37.058777	33.660358	21.547188	0	0	0	0	0	0	l	p	"O	V	3	ball	21.459141	25.286339	23.406809	25.286339	happy-78	None	-1	0	None
22.698500	22.878500	457.128906	370.418396	677.363708	24.518648	19.681910	31.330326	22.698500	22.878500	21.547188	24.475462	31.330326	25.247538	21.847784	0	0	0	0	0	0	p	r\	l	V	1	professionally	21.043577	28.579090	19.278610	22.835531	happy-78	None	-10	0	None
22.878500	22.928501	--undefined--	--undefined--	--undefined--	33.791256	21.847784	39.516411	22.878500	22.928501	21.847784	39.516411	33.867470	39.381653	37.170692	0	0	0	0	0	0	r\	V	p	V	2	professionally	21.043577	28.579090	22.806713	28.422573	happy-78	None	-9	0	None
22.928501	22.958500	410.058044	410.058044	410.058044	36.335007	32.066105	38.919491	22.928501	22.958500	37.170692	38.919491	37.183743	32.066105	32.066105	0	0	0	0	0	0	V	f	r\	V	3	professionally	21.043577	28.579090	25.441242	28.157713	happy-78	None	-8	0	None
22.958500	22.988501	--undefined--	--undefined--	--undefined--	30.663387	28.737720	32.066105	22.958500	22.988501	32.066105	28.737720	30.669994	31.179729	31.179729	0	0	0	0	0	0	f	"E	V	"E	4	professionally	21.043577	28.579090	23.186470	23.646824	happy-78	None	-7	0	None
22.988501	23.018499	--undefined--	--undefined--	--undefined--	31.752308	31.018120	32.475449	22.988501	23.018499	31.179729	32.335930	31.018120	32.475449	32.475449	0	0	0	0	0	0	"E	S	f	"E	5	professionally	21.043577	28.579090	25.423241	28.120365	happy-78	None	-6	0	None
23.018499	23.068501	--undefined--	--undefined--	--undefined--	27.570925	21.486572	32.475449	23.018499	23.068501	32.475449	26.146507	30.086533	24.934065	21.486572	0	0	0	0	0	0	S	n	"E	V	6	professionally	21.043577	28.579090	22.748537	28.579090	happy-78	None	-5	0	None
23.068501	23.128500	693.078186	693.078186	693.078186	29.609604	19.786194	38.844910	23.068501	23.128500	21.486572	22.590368	31.234688	36.735249	36.589249	0	0	0	0	0	0	n	V	S	V	7	professionally	21.043577	28.579090	12.252357	18.212320	happy-78	None	-4	0	None
23.128500	23.158501	--undefined--	--undefined--	--undefined--	38.708515	36.589249	39.461826	23.128500	23.158501	36.589249	39.461826	39.379101	39.403881	39.403881	0	0	0	0	0	0	V	l	n	V	8	professionally	21.043577	28.579090	23.537027	23.537027	happy-78	None	-3	0	None
23.158501	23.248501	--undefined--	--undefined--	--undefined--	37.817108	34.501629	39.840553	23.158501	23.248501	39.403881	37.600292	34.501629	39.053391	38.839394	0	0	0	0	0	0	l	i	V	i	9	professionally	21.043577	28.579090	25.331743	26.964911	happy-78	None	-2	0	None
23.248501	23.278500	--undefined--	--undefined--	--undefined--	36.636200	33.252754	38.839394	23.248501	23.278500	38.839394	37.473434	36.979221	33.252754	33.252754	0	0	0	0	0	0	i	m	l	i	10	professionally	21.043577	28.579090	--undefined--	--undefined--	happy-78	None	-1	0	None
23.278500	23.348499	410.238190	410.238190	410.238190	35.089348	31.344349	37.740162	23.278500	23.348499	33.252754	37.404106	34.749943	37.096653	36.808807	0	0	0	0	0	0	m	"eI	i	"eI	1	made	22.662493	25.887337	24.286295	25.887337	happy-78	None	-3	0	None
23.348499	23.378500	517.955322	517.955322	517.955322	30.822649	23.564140	36.808807	23.348499	23.378500	36.808807	35.404488	27.513159	23.564140	23.564140	0	0	0	0	0	0	"eI	d	m	"eI	2	made	22.662493	25.887337	23.410837	25.887337	happy-78	None	-2	0	None
23.378500	23.408501	--undefined--	--undefined--	--undefined--	24.134224	23.564140	24.982822	23.378500	23.408501	23.564140	24.982822	23.667927	24.322006	24.322006	0	0	0	0	0	0	d	"O	"eI	"O	3	made	22.662493	25.887337	20.716696	21.201553	happy-78	None	-1	0	None
23.408501	23.488501	589.663147	589.663147	589.663147	33.567284	24.322006	39.501526	23.408501	23.488501	24.322006	35.691994	29.288416	35.797157	39.501526	0	0	0	0	0	0	"O	r\	d	"O	1	orange	24.147888	31.404619	25.610733	30.635303	happy-78	None	-5	0	None
23.488501	23.528500	--undefined--	--undefined--	--undefined--	36.536297	31.449928	39.501526	23.488501	23.528500	39.501526	36.907887	36.092457	38.729706	31.449928	0	0	0	0	0	0	r\	V	"O	V	2	orange	24.147888	31.404619	23.600235	27.606344	happy-78	None	-4	0	None
23.528500	23.568501	--undefined--	--undefined--	--undefined--	35.573074	31.449928	38.447952	23.528500	23.568501	31.449928	34.297394	37.535172	36.134926	38.447952	0	0	0	0	0	0	V	n	r\	V	3	orange	24.147888	31.404619	26.265465	28.727324	happy-78	None	-3	0	None
23.568501	23.628500	--undefined--	--undefined--	--undefined--	33.767982	24.476748	38.447952	23.568501	23.628500	38.447952	37.102707	35.930908	28.895023	24.476748	0	0	0	0	0	0	n	dZ	V	"O	4	orange	24.147888	31.404619	18.875851	27.591379	happy-78	None	-2	0	None
23.628500	23.728500	211.215515	80.779343	341.651672	27.735903	18.694872	35.672634	23.628500	23.728500	24.476748	31.149811	35.672634	23.662632	18.694872	0	0	0	0	0	0	dZ	sil	n	"O	5	orange	24.147888	31.404619	25.409781	31.404619	happy-78	None	-1	0	None
23.728500	24.158501	516.326355	516.326355	516.326355	18.540031	12.411255	22.439299	23.728500	24.158501	18.694872	17.602575	22.326416	20.024946	12.491136	0	0	0	0	0	0	sil	"O	dZ	"O	1	.	17.052923	24.067842	17.052923	24.067842	happy-78	None	-1	0	None
24.158501	24.278500	516.326355	516.326355	516.326355	33.363476	12.491136	49.988270	24.158501	24.278500	12.491136	24.432091	32.155937	47.492104	49.988270	0	0	0	0	0	0	"O	r\	sil	"O	1	orange	25.219797	32.873341	21.409075	30.186289	surprised-92	None	-5	0	None
24.278500	24.378500	--undefined--	--undefined--	--undefined--	49.694675	47.592484	51.074581	24.278500	24.378500	49.988270	49.777184	51.074581	48.921822	47.592484	0	0	0	0	0	0	r\	V	"O	V	2	orange	25.219797	32.873341	27.897749	32.873341	surprised-92	None	-4	0	None
24.378500	24.438501	--undefined--	--undefined--	--undefined--	44.565075	42.506287	47.592484	24.378500	24.438501	47.592484	44.913174	44.201546	42.506287	42.875233	0	0	0	0	0	0	V	n	r\	V	3	orange	25.219797	32.873341	26.946251	31.347099	surprised-92	None	-3	0	None
24.438501	24.468500	463.392822	410.060638	516.725037	40.322327	35.801857	42.875233	24.438501	24.468500	42.875233	42.017513	40.594696	35.801857	35.801857	0	0	0	0	0	0	n	dZ	V	"I	4	orange	25.219797	32.873341	25.405130	28.054705	surprised-92	None	-2	0	None
24.468500	24.548500	516.539246	516.353455	516.725037	38.378880	32.284210	41.547817	24.468500	24.548500	35.801857	35.349876	40.954636	41.401787	38.716400	0	0	0	0	0	0	dZ	s	n	"I	5	orange	25.219797	32.873341	29.745922	31.437141	surprised-92	None	-1	0	None
24.548500	24.578499	589.319824	589.319824	589.319824	37.997509	35.476460	39.688778	24.548500	24.578499	38.716400	39.688778	38.108398	35.476460	35.476460	0	0	0	0	0	0	s	f	dZ	"I	1	spheres	27.939354	33.957146	--undefined--	--undefined--	surprised-92	None	-5	0	None
24.578499	24.668501	--undefined--	--undefined--	--undefined--	30.096180	21.239670	43.230270	24.578499	24.668501	35.476460	25.139999	21.239670	29.580421	43.230270	0	0	0	0	0	0	f	"I	s	"I	2	spheres	27.939354	33.957146	27.010273	30.911472	surprised-92	None	-4	0	None
24.668501	24.808500	--undefined--	--undefined--	--undefined--	49.574272	43.230270	52.653461	24.668501	24.808500	43.230270	50.405155	50.447922	51.548115	46.058342	0	0	0	0	0	0	"I	r\	f	"I	3	spheres	27.939354	33.957146	26.976152	33.957146	surprised-92	None	-3	0	None
24.808500	24.908501	--undefined--	--undefined--	--undefined--	45.737686	43.015896	46.810333	24.808500	24.908501	46.058342	46.022549	45.640682	45.953617	43.015896	0	0	0	0	0	0	r\	z	"I	"u	4	spheres	27.939354	33.957146	29.228462	31.767429	surprised-92	None	-2	0	None
24.908501	25.128500	318.260498	228.413300	408.107697	35.269073	16.521610	43.015896	24.908501	25.128500	43.015896	37.988457	40.471123	31.904690	16.521610	0	0	0	0	0	0	z	sil	r\	"u	5	spheres	27.939354	33.957146	27.263895	33.148014	surprised-92	None	-1	0	None
25.128500	25.178501	--undefined--	--undefined--	--undefined--	17.870016	16.521610	18.792215	25.128500	25.178501	16.521610	17.622746	18.355730	18.792215	17.887068	0	0	0	0	0	0	sil	j	z	"u	1	.	14.161376	17.416679	14.161376	17.416679	surprised-92	None	-1	0	None
25.178501	25.258499	--undefined--	--undefined--	--undefined--	33.278484	16.809622	46.828377	25.178501	25.258499	17.887068	18.635107	39.801838	45.908276	46.740501	0	0	0	0	0	0	j	"u	sil	"u	1	you	21.163223	32.088886	18.978092	30.679169	surprised-92	None	-2	0	None
25.258499	25.288500	--undefined--	--undefined--	--undefined--	41.585289	33.837791	46.740501	25.258499	25.288500	46.740501	44.811253	40.951591	33.837791	33.837791	0	0	0	0	0	0	"u	k	j	"u	2	you	21.163223	32.088886	27.318289	32.088886	surprised-92	None	-1	0	None
25.288500	25.378500	--undefined--	--undefined--	--undefined--	42.002682	32.013367	54.451160	25.288500	25.378500	33.837791	36.554775	41.745255	50.069241	54.451160	0	0	0	0	0	0	k	"eI	"u	"eI	1	came	31.037550	35.589207	30.431562	34.325546	surprised-92	None	-3	0	None
25.378500	25.408501	--undefined--	--undefined--	--undefined--	54.254982	53.509003	54.638771	25.378500	25.408501	54.451160	54.638771	54.420990	53.509003	53.509003	0	0	0	0	0	0	"eI	m	k	"eI	2	came	31.037550	35.589207	33.049911	35.589207	surprised-92	None	-2	0	None
25.408501	25.438499	--undefined--	--undefined--	--undefined--	51.460472	49.371643	53.509003	25.408501	25.438499	53.509003	52.254242	50.706997	49.371643	49.371643	0	0	0	0	0	0	m	"V	"eI	"V	3	came	31.037550	35.589207	30.579697	31.063433	surprised-92	None	-1	0	None
25.438499	25.468500	--undefined--	--undefined--	--undefined--	47.952305	45.770218	49.371643	25.438499	25.468500	49.371643	49.092628	47.574722	45.770218	45.770218	0	0	0	0	0	0	"V	p	m	"V	1	up	27.127342	32.708988	26.033329	32.708988	surprised-92	None	-2	0	None
25.468500	25.498499	520.452026	520.452026	520.452026	41.441360	36.470985	45.770218	25.468500	25.498499	45.770218	42.989151	40.535103	36.470985	36.470985	0	0	0	0	0	0	p	w	"V	I	2	up	27.127342	32.708988	31.012178	32.708988	surprised-92	None	-1	0	None
25.498499	25.538500	520.452026	520.452026	520.452026	37.988163	34.367847	44.151287	25.498499	25.538500	36.470985	34.367847	34.951004	39.999672	44.151287	0	0	0	0	0	0	w	I	p	I	1	with	26.833576	29.380085	28.664200	29.380085	surprised-92	None	-3	0	None
25.538500	25.578501	--undefined--	--undefined--	--undefined--	43.095417	37.216087	47.166653	25.538500	25.578501	44.151287	47.166653	45.941200	41.001862	37.216087	0	0	0	0	0	0	I	D	w	I	2	with	26.833576	29.380085	27.430508	29.380085	surprised-92	None	-2	0	None
25.578501	25.608500	--undefined--	--undefined--	--undefined--	29.385706	24.245049	37.216087	25.578501	25.608500	37.216087	28.499752	27.581936	24.245049	24.245049	0	0	0	0	0	0	D	D	I	"{	3	with	26.833576	29.380085	24.299976	27.099483	surprised-92	None	-1	0	None
25.608500	25.658501	--undefined--	--undefined--	--undefined--	40.403824	24.245049	49.734482	25.608500	25.658501	24.245049	40.486431	49.242218	49.734482	48.173447	0	0	0	0	0	0	D	"{	D	"{	1	that	20.754414	29.209969	27.384346	29.209969	surprised-92	None	-3	0	None
25.658501	25.808500	--undefined--	--undefined--	--undefined--	40.840302	27.124641	48.173447	25.658501	25.808500	48.173447	45.901505	42.030266	36.308006	27.124641	0	0	0	0	0	0	"{	t	D	"{	2	that	20.754414	29.209969	19.685698	28.148914	surprised-92	None	-2	0	None
25.808500	25.938499	517.556946	517.556946	517.556946	22.351564	14.773289	30.026829	25.808500	25.938499	27.124641	30.026829	19.605278	20.560326	14.773289	0	0	0	0	0	0	t	sil	"{	"{	3	that	20.754414	29.209969	19.284048	25.381117	surprised-92	None	-1	0	None
25.938499	26.994751	--undefined--	--undefined--	--undefined--	-275.370514	-300.000000	17.156322	25.938499	26.994751	14.773289	-300.000000	-300.000000	-300.000000	-300.000000	0	0	0	0	0	0	sil	D	t	"{	1	.	17.905054	21.293819	17.905054	21.293819	surprised-92	None	-1	0	None
26.994751	27.194750	--undefined--	--undefined--	--undefined--	5.143246	-300.000000	56.125599	26.994751	27.194750	-300.000000	27.877047	37.389000	45.876995	53.004364	0	0	0	0	0	0	D	"{	sil	"{	1	that's	25.415813	34.073719	22.923410	34.073719	surprised-92	None	-4	0	None
27.194750	27.264751	410.490936	410.490936	410.490936	44.413593	35.784081	53.004364	27.194750	27.264751	53.004364	44.136612	44.459824	43.520355	35.784081	0	0	0	0	0	0	"{	t	D	"{	2	that's	25.415813	34.073719	30.718365	33.953594	surprised-92	None	-3	0	None
27.264751	27.324751	--undefined--	--undefined--	--undefined--	38.922661	31.899950	51.304661	27.264751	27.324751	35.784081	31.899950	34.097710	38.957508	51.304661	0	0	0	0	0	0	t	s	"{	"I	3	that's	25.415813	34.073719	25.807013	28.820555	surprised-92	None	-2	0	None
27.324751	27.394751	691.897461	691.897461	691.897461	43.588596	21.587971	58.654514	27.324751	27.394751	51.304661	45.899307	49.646641	45.387299	21.587971	0	0	0	0	0	0	s	p	t	"I	4	that's	25.415813	34.073719	25.946550	26.469032	surprised-92	None	-1	0	None
27.394751	27.494751	552.191711	511.868439	592.514954	31.179279	19.739141	51.435150	27.394751	27.494751	21.587971	24.553314	19.739141	39.728436	51.435150	0	0	0	0	0	0	p	r\	s	"I	1	pretty	25.713705	29.902487	22.781181	25.424068	surprised-92	None	-5	0	None
27.494751	27.534750	700.144104	700.144104	700.144104	51.120350	49.008183	53.526451	27.494751	27.534750	51.435150	53.526451	51.609116	50.022858	49.008183	0	0	0	0	0	0	r\	"I	p	"I	2	pretty	25.713705	29.902487	28.258142	29.902487	surprised-92	None	-4	0	None
27.534750	27.564751	340.345520	340.345520	340.345520	45.717716	42.051437	49.008183	27.534750	27.564751	49.008183	44.884766	44.884766	42.051437	46.926483	0	0	0	0	0	0	"I	t	r\	"I	3	pretty	25.713705	29.902487	29.619984	29.794842	surprised-92	None	-3	0	None
27.564751	27.594751	--undefined--	--undefined--	--undefined--	45.945412	45.008167	46.926483	27.564751	27.594751	46.926483	46.127647	46.127647	45.008167	45.719337	0	0	0	0	0	0	t	i	"I	i	4	pretty	25.713705	29.902487	--undefined--	--undefined--	surprised-92	None	-2	0	None
27.594751	27.634750	697.222229	697.222229	697.222229	45.435459	44.587536	45.951958	27.594751	27.634750	45.719337	45.951958	45.416489	45.501968	44.587536	0	0	0	0	0	0	i	g	t	i	5	pretty	25.713705	29.902487	25.729343	25.729343	surprised-92	None	-1	0	None
27.634750	27.754751	--undefined--	--undefined--	--undefined--	45.001347	36.693520	55.683830	27.634750	27.754751	44.587536	40.341125	36.693520	48.856850	52.343391	0	0	0	0	0	0	g	"U	i	"U	1	good	27.988882	33.572525	27.556616	31.478388	surprised-92	None	-3	0	None
27.754751	27.894751	697.390991	697.390991	697.390991	47.635563	40.200333	52.343391	27.754751	27.894751	52.343391	49.756401	47.524040	46.563210	40.200333	0	0	0	0	0	0	"U	d	g	"U	2	good	27.988882	33.572525	28.364960	33.572525	surprised-92	None	-2	0	None
27.894751	27.964750	--undefined--	--undefined--	--undefined--	36.045113	29.554701	40.200333	27.894751	27.964750	40.200333	39.113308	36.969460	35.329185	29.554701	0	0	0	0	0	0	d	d	"U	"{	3	good	27.988882	33.572525	28.758295	28.758295	surprised-92	None	-1	0	None
27.964750	28.034750	672.434448	672.434448	672.434448	42.903053	29.554701	51.474766	27.964750	28.034750	29.554701	37.365673	47.307323	49.318638	48.058044	0	0	0	0	0	0	d	"{	d	"{	1	damn	29.378386	33.459404	28.771400	32.900322	surprised-96	None	-3	0	None
28.034750	28.214752	381.107269	246.722549	515.492004	47.880810	44.147266	50.005592	28.034750	28.214752	48.058044	47.208839	48.174446	49.627403	44.147266	0	0	0	0	0	0	"{	m	d	"{	2	damn	29.378386	33.459404	29.706688	33.459404	surprised-96	None	-2	0	None
28.214752	28.254751	--undefined--	--undefined--	--undefined--	46.406277	44.147266	48.289799	28.214752	28.254751	44.147266	45.514584	46.718460	47.361279	48.289799	0	0	0	0	0	0	m	D	"{	I	3	damn	29.378386	33.459404	28.809111	31.250841	surprised-96	None	-1	0	None
28.254751	28.284750	--undefined--	--undefined--	--undefined--	48.916222	48.289799	49.899750	28.254751	28.284750	48.289799	48.535324	48.535324	48.940018	49.899750	0	0	0	0	0	0	D	I	m	I	1	this	28.521276	36.387794	30.634893	31.250841	surprised-96	None	-3	0	None
28.284750	28.344751	589.253906	517.369995	661.137878	45.602722	40.033455	49.899750	28.284750	28.344751	49.899750	48.006500	43.048996	40.033455	49.211994	0	0	0	0	0	0	I	s	D	I	2	this	28.521276	36.387794	25.756458	29.595263	surprised-96	None	-2	0	None
28.344751	28.444752	445.007416	408.209137	517.369995	45.838509	40.213856	49.882584	28.344751	28.444752	49.211994	43.871490	40.213856	49.882584	49.048061	0	0	0	0	0	0	s	I	I	I	3	this	28.521276	36.387794	28.586966	36.387794	surprised-96	None	-1	0	None
28.444752	28.514751	--undefined--	--undefined--	--undefined--	46.862514	43.577045	49.104843	28.444752	28.514751	49.048061	48.415485	48.144115	45.547794	43.577045	0	0	0	0	0	0	I	z	s	I	1	is	29.307970	31.921167	29.307970	31.921167	surprised-96	None	-2	0	None
28.514751	28.554750	--undefined--	--undefined--	--undefined--	46.431614	41.609055	53.890720	28.514751	28.554750	43.577045	47.359852	53.890720	45.721394	41.609055	0	0	0	0	0	0	z	spn	I	V	2	is	29.307970	31.921167	--undefined--	--undefined--	surprised-96	None	-1	0	None
28.554750	28.680000	--undefined--	--undefined--	--undefined--	39.880463	30.613594	45.845177	28.554750	28.680000	41.609055	40.951611	42.803284	38.598145	30.613594	0	0	0	0	0	0	spn	sil	z	V	1	XXNONVERBALXX	27.214424	32.018265	27.214424	32.018265	surprised-96	None	-1	0	None
28.680000	28.754751	643.772827	588.229309	699.316345	23.558336	20.185410	30.613594	28.680000	28.754751	30.613594	26.509098	23.308708	22.193714	20.878134	0	0	0	0	0	0	sil	V	spn	V	1	.	18.435980	20.765728	18.435980	20.765728	surprised-96	None	-1	0	None
28.754751	28.874750	699.316345	699.316345	699.316345	43.605400	20.050146	54.632359	28.754751	28.874750	20.878134	41.396755	54.378052	50.101131	49.399475	0	0	0	0	0	0	V	m	sil	V	1	i'm	26.016924	33.033562	22.267649	33.033562	surprised-96	None	-2	0	None
28.874750	29.214750	516.169128	516.169128	516.169128	44.881260	30.030249	53.354240	28.874750	29.214750	49.399475	48.928345	30.030249	46.931042	41.834061	0	0	0	0	0	0	m	s	V	"V	2	i'm	26.016924	33.033562	27.595568	32.442963	surprised-96	None	-1	0	None
29.214750	29.364750	340.289307	340.289307	340.289307	45.557377	25.443335	56.129879	29.214750	29.364750	41.834061	51.026222	52.792568	43.521877	25.443335	0	0	0	0	0	0	s	t	m	"V	1	stunned	27.005041	39.613262	33.888924	39.613262	surprised-96	None	-5	0	None
29.364750	29.434752	--undefined--	--undefined--	--undefined--	39.542168	20.159082	54.840412	29.364750	29.434752	25.443335	20.159082	36.942513	54.840412	51.472549	0	0	0	0	0	0	t	"V	s	"V	2	stunned	27.005041	39.613262	30.523790	33.016705	surprised-96	None	-4	0	None
29.434752	29.604752	515.255249	515.255249	515.255249	46.765377	35.854996	51.472549	29.434752	29.604752	51.472549	48.380970	49.810074	45.659180	35.854996	0	0	0	0	0	0	"V	n	t	"V	3	stunned	27.005041	39.613262	25.091339	32.972881	surprised-96	None	-3	0	None
29.604752	29.694752	370.459290	370.459290	370.459290	34.234291	32.458454	37.305500	29.604752	29.694752	35.854996	32.497486	33.372585	37.305500	32.723476	0	0	0	0	0	0	n	d	"V	V	4	stunned	27.005041	39.613262	19.842073	27.020216	surprised-96	None	-2	0	None
29.694752	29.784752	455.395111	453.485229	457.304993	24.987331	19.256195	32.723476	29.694752	29.784752	32.723476	23.972374	27.640327	20.065195	19.517084	0	0	0	0	0	0	d	sil	n	V	5	stunned	27.005041	39.613262	17.721838	20.477283	surprised-96	None	-1	0	None
29.784752	30.509188	497.887421	409.069977	672.639893	14.491632	8.554772	20.192051	29.784752	30.509188	19.517084	13.493055	13.625074	9.715444	13.902778	0	0	0	0	0	0	sil	V	d	V	1	.	15.213102	21.543915	15.213102	21.543915	surprised-96	None	-1	0	None
30.509188	30.619190	--undefined--	--undefined--	--undefined--	37.926472	13.902778	53.184647	30.509188	30.619190	13.902778	21.910809	50.321213	51.670929	48.190689	0	0	0	0	0	0	V	m	sil	V	1	i'm	28.066637	33.533569	29.272865	33.071476	surprised-96	None	-2	0	None
30.619190	30.669188	--undefined--	--undefined--	--undefined--	45.224457	39.300446	48.190689	30.619190	30.669188	48.190689	47.516155	46.112423	42.064968	39.300446	0	0	0	0	0	0	m	s	V	"V	2	i'm	28.066637	33.533569	26.913183	33.533569	surprised-96	None	-1	0	None
30.669188	30.799189	--undefined--	--undefined--	--undefined--	42.765564	23.281317	50.885910	30.669188	30.799189	39.300446	50.474739	46.677017	45.761127	23.281317	0	0	0	0	0	0	s	t	m	"V	1	stunned	27.345337	35.257534	31.260355	35.257534	surprised-96	None	-5	0	None
30.799189	30.859188	--undefined--	--undefined--	--undefined--	39.451012	22.505779	53.531342	30.799189	30.859188	23.281317	30.813023	43.511650	52.787560	49.726410	0	0	0	0	0	0	t	"V	s	"V	2	stunned	27.345337	35.257534	27.509972	31.377535	surprised-96	None	-4	0	None
30.859188	31.039188	516.848450	516.848450	516.848450	46.195290	35.752708	49.726410	30.859188	31.039188	49.726410	48.053749	48.212357	45.268307	35.752708	0	0	0	0	0	0	"V	n	t	"V	3	stunned	27.345337	35.257534	28.227934	31.377535	surprised-96	None	-3	0	None
31.039188	31.109188	--undefined--	--undefined--	--undefined--	33.410770	30.244637	38.927219	31.039188	31.109188	35.752708	34.515984	33.746330	31.540440	32.173584	0	0	0	0	0	0	n	d	"V	"u	4	stunned	27.345337	35.257534	16.557976	18.051922	surprised-96	None	-2	0	None
31.109188	31.219189	--undefined--	--undefined--	--undefined--	25.425697	15.705650	33.551823	31.109188	31.219189	32.173584	30.577133	22.991329	22.147924	15.705650	0	0	0	0	0	0	d	sil	n	"u	5	stunned	27.345337	35.257534	21.282415	25.589767	surprised-96	None	-1	0	None
31.219189	32.630192	471.532166	367.255432	593.101746	-186.053406	-300.000000	26.487772	31.219189	32.630192	15.705650	16.955599	-300.000000	-300.000000	24.151899	0	0	0	0	0	0	sil	j	d	"u	1	.	17.057878	22.834188	17.057878	22.834188	surprised-96	None	-1	0	None
32.630192	32.720188	409.642670	409.642670	409.642670	36.518078	23.686474	50.601711	32.630192	32.720188	24.151899	28.800287	28.679035	45.821117	46.175438	0	0	0	0	0	0	j	"u	sil	"u	1	you	22.568750	27.893143	20.904139	24.235107	surprised-96	None	-2	0	None
32.720188	32.760189	--undefined--	--undefined--	--undefined--	42.742188	41.258930	46.175438	32.720188	32.760189	46.175438	41.258930	42.081406	42.387764	41.807400	0	0	0	0	0	0	"u	d	j	"u	2	you	22.568750	27.893143	23.347157	27.893143	surprised-96	None	-1	0	None
32.760189	32.910191	--undefined--	--undefined--	--undefined--	42.396751	33.379662	51.163082	32.760189	32.910191	41.807400	33.379662	41.210934	45.404415	51.163082	0	0	0	0	0	0	d	r\	"u	"u	1	drew	25.768190	38.062225	29.049541	38.062225	surprised-96	None	-3	0	None
32.910191	33.020191	340.452148	340.452148	340.452148	46.783844	41.816460	51.163082	32.910191	33.020191	51.163082	50.266914	48.887276	43.137745	42.290913	0	0	0	0	0	0	r\	"u	d	"u	2	drew	25.768190	38.062225	24.621088	36.600677	surprised-96	None	-2	0	None
33.020191	33.100189	--undefined--	--undefined--	--undefined--	44.565716	41.612530	46.731075	33.020191	33.100189	42.290913	46.637047	45.505493	41.612530	46.731075	0	0	0	0	0	0	"u	D	r\	"u	3	drew	25.768190	38.062225	25.795065	30.787916	surprised-96	None	-1	0	None
33.100189	33.130192	--undefined--	--undefined--	--undefined--	47.199856	46.374340	48.157879	33.100189	33.130192	46.731075	46.731075	48.157879	47.536118	46.374340	0	0	0	0	0	0	D	"I	"u	"I	1	this	31.602354	41.832066	28.726669	28.726669	surprised-96	None	-3	0	None
33.130192	33.280186	--undefined--	--undefined--	--undefined--	43.042923	35.910984	50.511528	33.130192	33.280186	46.374340	50.511528	43.698502	35.910984	43.877220	0	0	0	0	0	0	"I	s	D	"I	2	this	31.602354	41.832066	34.263359	41.832066	surprised-96	None	-2	0	None
33.280186	33.460186	--undefined--	--undefined--	--undefined--	35.611465	17.713339	47.708591	33.280186	33.460186	43.877220	41.213669	43.140991	28.595449	17.713339	0	0	0	0	0	0	s	sil	"I	"I	3	this	31.602354	41.832066	30.646296	41.832066	surprised-96	None	-1	0	None
33.460186	33.960186	410.660461	410.660461	410.660461	-228.332275	-300.000000	24.164402	33.460186	33.960186	17.713339	-300.000000	-300.000000	-300.000000	20.561132	0	0	0	0	0	0	sil	"I	s	"I	1	.	15.335159	19.736311	15.335159	19.736311	surprised-96	None	-1	0	None
33.960186	34.040188	410.660461	410.660461	410.660461	36.230209	20.561132	50.455799	33.960186	34.040188	20.561132	22.464043	45.103985	49.299931	39.558250	0	0	0	0	0	0	"I	t	sil	"I	1	it's	25.966208	35.778358	24.686209	30.647182	happy-90	None	-3	0	None
34.040188	34.080189	230.995605	230.995605	230.995605	37.861076	32.367115	40.910210	34.040188	34.080189	39.558250	32.367115	36.252022	40.910210	40.217796	0	0	0	0	0	0	t	s	"I	I	2	it's	25.966208	35.778358	26.539719	27.769451	happy-90	None	-2	0	None
34.080189	34.160191	466.946350	466.946350	466.946350	43.962723	40.217796	50.983246	34.080189	34.160191	40.217796	50.983246	46.177124	41.864861	44.772278	0	0	0	0	0	0	s	I	t	I	3	it's	25.966208	35.778358	26.716633	35.778358	happy-90	None	-1	0	None
34.160191	34.190189	466.946350	466.946350	466.946350	43.441231	40.202465	45.812069	34.160191	34.190189	44.772278	44.772278	45.812069	42.978100	40.202465	0	0	0	0	0	0	I	n	s	I	1	inspired	24.635592	34.687447	29.482124	30.021181	happy-90	None	-7	0	None
34.190189	34.250187	--undefined--	--undefined--	--undefined--	41.173988	40.202465	42.060905	34.190189	34.250187	40.202465	41.051159	40.999828	41.357887	41.383480	0	0	0	0	0	0	n	s	I	"aI	2	inspired	24.635592	34.687447	30.170889	34.687447	happy-90	None	-6	0	None
34.250187	34.370190	422.868500	291.914795	553.822205	40.453323	24.389168	50.728760	34.250187	34.370190	41.383480	41.098309	42.454498	39.868401	24.389168	0	0	0	0	0	0	s	p	n	"aI	3	inspired	24.635592	34.687447	26.961418	32.669891	happy-90	None	-5	0	None
34.370190	34.450191	412.733063	412.733063	412.733063	36.218876	20.214046	52.821198	34.370190	34.450191	24.389168	20.505348	38.645454	52.821198	45.969269	0	0	0	0	0	0	p	"aI	s	"aI	4	inspired	24.635592	34.687447	23.821379	27.262291	happy-90	None	-4	0	None
34.450191	34.690189	260.064178	88.321938	340.597229	43.464951	40.473648	46.458054	34.450191	34.690189	45.969269	45.430851	45.871468	44.594566	41.960007	0	0	0	0	0	0	"aI	3`	p	"aI	5	inspired	24.635592	34.687447	26.973545	33.003735	happy-90	None	-3	0	None
34.690189	34.830189	270.866730	270.866730	270.866730	33.318874	25.439083	42.809872	34.690189	34.830189	41.960007	38.809753	35.543896	29.444798	27.499859	0	0	0	0	0	0	3`	d	"aI	3`	6	inspired	24.635592	34.687447	19.258478	21.213184	happy-90	None	-2	0	None
34.830189	34.980190	395.272766	270.866730	519.678772	-7.693350	-300.000000	27.499859	34.830189	34.980190	27.499859	24.527210	23.344898	20.572365	-300.000000	0	0	0	0	0	0	d	sil	3`	"aI	7	inspired	24.635592	34.687447	15.074650	23.065565	happy-90	None	-1	0	None
34.980190	35.692127	--undefined--	--undefined--	--undefined--	-295.911804	-300.000000	-5.650403	34.980190	35.692127	-300.000000	-300.000000	-300.000000	-300.000000	-5.650403	0	0	0	0	0	0	sil	"aI	d	"aI	1	.	18.352495	18.352495	18.352495	18.352495	happy-90	None	-1	0	None
35.692127	35.772129	216.346375	216.346375	216.346375	35.761032	-5.650403	54.815598	35.692127	35.772129	-5.650403	24.846466	46.310318	54.383362	53.175167	0	0	0	0	0	0	"aI	d	sil	"aI	1	i	27.363901	32.149567	27.363901	32.149567	happy-90	None	-1	0	None
35.772129	35.802128	661.839844	661.839844	661.839844	51.764275	50.916637	53.175167	35.772129	35.802128	53.175167	53.175167	51.651138	50.916637	51.314140	0	0	0	0	0	0	d	"oU	"aI	"oU	1	don't	27.915558	31.161346	30.143282	30.143282	happy-90	None	-3	0	None
35.802128	35.852131	--undefined--	--undefined--	--undefined--	47.326015	41.704384	51.314140	35.802128	35.852131	51.314140	49.582653	47.404518	47.547791	41.704384	0	0	0	0	0	0	"oU	n	d	"oU	2	don't	27.915558	31.161346	29.290010	31.161346	happy-90	None	-2	0	None
35.852131	35.882130	592.153259	592.153259	592.153259	38.620743	37.059875	41.704384	35.852131	35.882130	41.704384	41.704384	38.194527	37.524189	37.059875	0	0	0	0	0	0	n	T	"oU	"I	3	don't	27.915558	31.161346	27.338608	31.161346	happy-90	None	-1	0	None
35.882130	35.922131	--undefined--	--undefined--	--undefined--	40.312057	35.306038	48.773483	35.882130	35.922131	37.059875	35.306038	35.810883	44.610016	48.773483	0	0	0	0	0	0	T	"I	n	"I	1	think	27.060684	30.271227	24.708786	26.617096	happy-90	None	-4	0	None
35.922131	35.952129	--undefined--	--undefined--	--undefined--	46.922737	43.666225	48.773483	35.922131	35.952129	48.773483	48.773483	48.642353	46.608883	43.666225	0	0	0	0	0	0	"I	N	T	"I	2	think	27.060684	30.271227	--undefined--	--undefined--	happy-90	None	-3	0	None
35.952129	35.982128	--undefined--	--undefined--	--undefined--	42.778358	41.260979	44.060535	35.952129	35.982128	43.666225	43.666225	44.060535	42.125694	41.260979	0	0	0	0	0	0	N	k	"I	"u	3	think	27.060684	30.271227	--undefined--	--undefined--	happy-90	None	-2	0	None
35.982128	36.012127	--undefined--	--undefined--	--undefined--	41.711567	40.664730	43.787960	35.982128	36.012127	41.260979	41.260979	41.132599	40.664730	43.787960	0	0	0	0	0	0	k	j	N	"u	4	think	27.060684	30.271227	29.412584	30.271227	happy-90	None	-1	0	None
36.012127	36.042126	--undefined--	--undefined--	--undefined--	47.420593	43.787960	49.916199	36.012127	36.042126	43.787960	43.787960	47.089172	48.889038	49.916199	0	0	0	0	0	0	j	"u	k	"u	1	you	29.333624	29.691208	--undefined--	--undefined--	happy-90	None	-2	0	None
36.042126	36.072132	409.748932	409.748932	409.748932	48.786610	47.890553	49.916199	36.042126	36.072132	49.916199	49.916199	48.992897	48.346802	47.890553	0	0	0	0	0	0	"u	n	j	"u	2	you	29.333624	29.691208	29.333624	29.691208	happy-90	None	-1	0	None
36.072132	36.112133	409.440857	409.440857	409.440857	47.618664	47.057655	48.153416	36.072132	36.112133	47.890553	47.770355	48.153416	47.221355	47.057655	0	0	0	0	0	0	n	"oU	"u	"oU	1	know	27.931162	30.777605	28.918224	30.777605	happy-90	None	-2	0	None
36.112133	36.142132	--undefined--	--undefined--	--undefined--	47.135433	47.030991	47.230724	36.112133	36.142132	47.057655	47.057655	47.030991	47.230724	47.222366	0	0	0	0	0	0	"oU	w	n	"oU	2	know	27.931162	30.777605	25.634903	30.274426	happy-90	None	-1	0	None
36.142132	36.172131	--undefined--	--undefined--	--undefined--	47.452660	47.222366	47.749023	36.142132	36.172131	47.222366	47.222366	47.512585	47.326660	47.749023	0	0	0	0	0	0	w	"V	"oU	"V	1	what	29.850256	38.889126	19.447935	19.447935	happy-90	None	-3	0	None
36.172131	36.202129	--undefined--	--undefined--	--undefined--	47.108078	43.020988	50.021980	36.172131	36.202129	47.749023	47.749023	50.021980	47.640305	43.020988	0	0	0	0	0	0	"V	t	w	"V	2	what	29.850256	38.889126	25.860966	32.273994	happy-90	None	-2	0	None
36.202129	36.262127	--undefined--	--undefined--	--undefined--	42.804424	38.323734	46.365318	36.202129	36.262127	43.020988	40.061665	41.391182	46.365318	45.379509	0	0	0	0	0	0	t	j	"V	"u	3	what	29.850256	38.889126	31.930719	38.889126	happy-90	None	-1	0	None
36.262127	36.292126	--undefined--	--undefined--	--undefined--	45.186050	42.192635	47.016739	36.262127	36.292126	45.379509	45.379509	47.016739	46.155312	42.192635	0	0	0	0	0	0	j	"u	t	"u	1	you're	27.085199	32.452492	29.275490	32.452492	happy-90	None	-2	0	None
36.292126	36.322132	--undefined--	--undefined--	--undefined--	33.416557	25.999847	42.192635	36.292126	36.322132	42.192635	42.192635	35.457199	30.016556	25.999847	0	0	0	0	0	0	"u	k	j	"u	2	you're	27.085199	32.452492	27.414103	32.452492	happy-90	None	-1	0	None
36.322132	36.412128	--undefined--	--undefined--	--undefined--	42.832439	25.999847	50.845924	36.322132	36.412128	25.999847	47.202984	36.099064	48.634628	49.581078	0	0	0	0	0	0	k	"eI	"u	"eI	1	capable	25.278263	39.686237	31.789455	39.686237	happy-90	None	-7	0	None
36.412128	36.502125	214.328629	214.328629	214.328629	45.815147	33.427937	50.289726	36.412128	36.502125	49.581078	49.438614	47.648506	48.209442	33.427937	0	0	0	0	0	0	"eI	p	k	"eI	2	capable	25.278263	39.686237	28.316587	29.144161	happy-90	None	-6	0	None
36.502125	36.542126	--undefined--	--undefined--	--undefined--	36.009411	29.804724	45.326035	36.502125	36.542126	33.427937	29.804724	34.999691	36.488678	45.326035	0	0	0	0	0	0	p	V	"eI	V	3	capable	25.278263	39.686237	26.199402	26.199402	happy-90	None	-5	0	None
36.542126	36.592129	514.228882	514.228882	514.228882	45.891331	44.836792	47.336250	36.542126	36.592129	45.326035	44.836792	45.043297	45.866245	46.939400	0	0	0	0	0	0	V	b	p	V	4	capable	25.278263	39.686237	28.947206	29.069138	happy-90	None	-4	0	None
36.592129	36.662128	--undefined--	--undefined--	--undefined--	41.857147	37.012791	46.939400	36.592129	36.662128	46.939400	45.328465	40.788422	37.012791	42.654079	0	0	0	0	0	0	b	V	V	V	5	capable	25.278263	39.686237	23.280087	29.085855	happy-90	None	-3	0	None
36.662128	36.712124	--undefined--	--undefined--	--undefined--	46.887974	42.654079	48.516499	36.662128	36.712124	42.654079	45.514523	48.495564	48.516499	47.997990	0	0	0	0	0	0	V	l	b	V	6	capable	25.278263	39.686237	25.586617	26.021727	happy-90	None	-2	0	None
36.712124	36.812130	--undefined--	--undefined--	--undefined--	45.932735	43.145134	47.997990	36.712124	36.812130	47.997990	47.526405	45.091179	45.005547	43.145134	0	0	0	0	0	0	l	"V	V	"V	7	capable	25.278263	39.686237	15.510404	26.848282	happy-90	None	-1	0	None
36.812130	36.902126	409.978302	409.978302	409.978302	39.673164	31.426044	43.145134	36.812130	36.902126	43.145134	41.575680	42.474728	39.992188	31.426044	0	0	0	0	0	0	"V	v	l	"V	1	of	17.752754	27.304346	17.047087	27.304346	happy-90	None	-2	0	None
36.902126	36.962132	--undefined--	--undefined--	--undefined--	24.444042	19.978285	31.426044	36.902126	36.962132	31.426044	28.670061	19.978285	21.833248	22.532822	0	0	0	0	0	0	v	sil	"V	"E	2	of	17.752754	27.304346	22.039951	22.093147	happy-90	None	-1	0	None
36.962132	37.672123	446.335327	340.508606	694.242798	22.662086	16.832468	29.270393	36.962132	37.672123	22.532822	25.475822	19.787514	17.300093	19.917076	0	0	0	0	0	0	sil	tS	v	"E	1	.	21.804193	28.408569	21.804193	28.408569	happy-90	None	-1	0	None
37.672123	37.742123	--undefined--	--undefined--	--undefined--	29.358213	19.917076	43.764118	37.672123	37.742123	19.917076	23.802200	28.010214	29.125883	43.764118	0	0	0	0	0	0	tS	"E	sil	"E	1	check	24.089752	28.744370	25.434664	28.744370	happy-90	None	-3	0	None
37.742123	37.772129	--undefined--	--undefined--	--undefined--	40.757690	32.176556	45.464001	37.742123	37.772129	43.764118	43.764118	45.464001	41.626087	32.176556	0	0	0	0	0	0	"E	k	tS	"E	2	check	24.089752	28.744370	25.261335	25.261335	happy-90	None	-2	0	None
37.772129	37.812130	365.375702	365.375702	365.375702	40.272186	32.176556	49.159828	37.772129	37.812130	32.176556	33.730968	41.936344	44.357231	49.159828	0	0	0	0	0	0	k	I	"E	I	3	check	24.089752	28.744370	21.486593	24.207993	happy-90	None	-1	0	None
37.812130	37.852131	--undefined--	--undefined--	--undefined--	49.815224	46.343098	53.264179	37.812130	37.852131	49.159828	53.264179	51.515366	48.793663	46.343098	0	0	0	0	0	0	I	t	k	I	1	it	30.501999	33.284721	29.806318	32.189800	happy-90	None	-2	0	None
37.852131	37.882130	--undefined--	--undefined--	--undefined--	46.641743	46.190052	47.485638	37.852131	37.882130	46.343098	46.343098	46.548191	47.485638	46.190052	0	0	0	0	0	0	t	"aU	I	"aU	2	it	30.501999	33.284721	32.163193	33.284721	happy-90	None	-1	0	None
37.882130	38.062130	--undefined--	--undefined--	--undefined--	40.327789	27.387287	46.822334	37.882130	38.062130	46.190052	45.638824	42.378582	33.216732	27.387287	0	0	0	0	0	0	"aU	t	t	"aU	1	out	26.179022	31.227510	25.851282	31.227510	happy-90	None	-2	0	None
38.062130	38.142124	--undefined--	--undefined--	--undefined--	-29.446493	-300.000000	32.024719	38.062130	38.142124	27.387287	32.024719	21.194399	-25.976707	-300.000000	0	0	0	0	0	0	t	sil	"aU	^	2	out	26.179022	31.227510	27.326111	28.892830	happy-90	None	-1	0	None
38.142124	38.959000	--undefined--	--undefined--	--undefined--	-300.000000	-300.000000	-300.000000	38.142124	38.959000	-300.000000	-300.000000	-300.000000	-300.000000	-300.000000	0	0	0	0	0	0	sil	^	t	^	1	.	--undefined--	--undefined--	--undefined--	--undefined--	happy-90	None	-1	0	None