template	NADA	0	2
0.000000	2.130000	--undefined--	--undefined--	--undefined--	-298.593689	-300.000000	0.953608	0.000000	2.130000	-300.000000	-300.000000	-300.000000	-300.000000	0.953608	0	0	0	0	0	0	sil	j	^	"E	1	.	20.487556	20.487556	20.487556	20.487556	None	None	-1	0	
2.130000	2.250000	232.147018	123.875427	340.418610	29.773617	0.953608	45.315670	2.130000	2.250000	0.953608	31.188892	23.683691	40.722923	45.315670	0	0	0	0	0	0	j	"E	sil	"E	1	yep	23.205463	30.152454	25.260044	30.152454	nervous-65	None	-3	0	None
2.250000	2.320000	--undefined--	--undefined--	--undefined--	45.177101	35.410507	51.326946	2.250000	2.320000	45.315670	47.810368	51.326946	44.159389	35.410507	0	0	0	0	0	0	"E	p	j	"E	2	yep	23.205463	30.152454	22.595385	26.367914	nervous-65	None	-2	0	None
2.320000	2.410000	--undefined--	--undefined--	--undefined--	13.136665	-70.572311	35.410507	2.320000	2.410000	35.410507	30.523569	24.851162	23.862957	-70.572311	0	0	0	0	0	0	p	sil	"E	"aI	3	yep	23.205463	30.152454	21.286127	28.155369	nervous-65	None	-1	0	None
2.410000	3.520500	--undefined--	--undefined--	--undefined--	-263.365051	-300.000000	33.052269	2.410000	3.520500	-70.572311	-300.000000	-300.000000	-300.000000	26.844074	0	0	0	0	0	0	sil	"aI	p	"aI	1	.	21.912422	23.334742	21.912422	23.334742	nervous-65	None	-1	0	None
3.520500	3.610500	--undefined--	--undefined--	--undefined--	35.827953	26.844074	43.360043	3.520500	3.610500	26.844074	31.179153	43.360043	41.780628	31.370413	0	0	0	0	0	0	"aI	k	sil	"aI	1	i	22.593828	27.636557	22.593828	27.636557	nervous-65	None	-1	0	None
3.610500	3.730500	--undefined--	--undefined--	--undefined--	33.640179	24.518644	49.110779	3.610500	3.730500	31.370413	25.890902	28.048201	35.912529	49.110779	0	0	0	0	0	0	k	"A	"aI	"A	1	contacted	28.607094	35.138744	25.058678	31.935875	nervous-65	None	-9	0	None
3.730500	3.820500	--undefined--	--undefined--	--undefined--	48.559929	42.873798	50.835613	3.730500	3.820500	49.110779	49.692783	50.835613	49.981686	42.873798	0	0	0	0	0	0	"A	n	k	"A	2	contacted	28.607094	35.138744	30.126535	32.868683	nervous-65	None	-8	0	None
3.820500	3.850500	--undefined--	--undefined--	--undefined--	38.938835	34.397366	42.873798	3.820500	3.850500	42.873798	42.873798	41.306648	37.177521	34.397366	0	0	0	0	0	0	n	t	"A	%{	3	contacted	28.607094	35.138744	27.673166	27.673166	nervous-65	None	-7	0	None
3.850500	3.890500	--undefined--	--undefined--	--undefined--	42.276726	34.397366	47.595272	3.850500	3.890500	34.397366	38.096558	44.409149	46.885292	47.595272	0	0	0	0	0	0	t	%{	n	%{	4	contacted	28.607094	35.138744	29.597580	30.778221	nervous-65	None	-6	0	None
3.890500	3.940500	--undefined--	--undefined--	--undefined--	45.103867	39.176220	47.809643	3.890500	3.940500	47.595272	47.148476	47.809643	46.663097	39.176220	0	0	0	0	0	0	%{	k	t	%{	5	contacted	28.607094	35.138744	27.938543	30.778221	nervous-65	None	-5	0	None
3.940500	3.970500	--undefined--	--undefined--	--undefined--	40.046295	38.446663	41.351013	3.940500	3.970500	39.176220	39.176220	38.446663	41.211288	41.351013	0	0	0	0	0	0	k	t	%{	I	6	contacted	28.607094	35.138744	29.497707	30.235044	nervous-65	None	-4	0	None
3.970500	4.000500	--undefined--	--undefined--	--undefined--	42.879944	41.351013	44.439629	3.970500	4.000500	41.351013	41.351013	42.071152	43.657974	44.439629	0	0	0	0	0	0	t	I	k	I	7	contacted	28.607094	35.138744	33.287170	33.287170	nervous-65	None	-3	0	None
4.000500	4.030500	--undefined--	--undefined--	--undefined--	42.310379	40.278008	44.439629	4.000500	4.030500	44.439629	44.439629	42.972855	41.551014	40.278008	0	0	0	0	0	0	I	d	t	I	8	contacted	28.607094	35.138744	31.863981	32.591286	nervous-65	None	-2	0	None
4.030500	4.090500	--undefined--	--undefined--	--undefined--	36.332973	31.112593	41.809937	4.030500	4.090500	40.278008	37.394741	31.112593	32.983303	41.809937	0	0	0	0	0	0	d	s	I	"V	9	contacted	28.607094	35.138744	30.123329	35.138744	nervous-65	None	-1	0	None
4.090500	4.170500	--undefined--	--undefined--	--undefined--	43.356483	36.483707	49.101234	4.090500	4.170500	41.809937	44.386360	40.675468	42.578346	48.993279	0	0	0	0	0	0	s	"V	d	"V	1	someone	30.185545	38.656078	35.780594	38.656078	nervous-65	None	-6	0	None
4.170500	4.220500	--undefined--	--undefined--	--undefined--	48.419876	46.822617	49.481827	4.170500	4.220500	48.993279	49.462284	49.481827	48.295349	46.822617	0	0	0	0	0	0	"V	m	s	"V	2	someone	30.185545	38.656078	31.527401	34.107277	nervous-65	None	-5	0	None
4.220500	4.250500	--undefined--	--undefined--	--undefined--	48.071110	46.822617	49.345036	4.220500	4.250500	46.822617	46.822617	47.124638	48.992157	49.345036	0	0	0	0	0	0	m	w	"V	%V	3	someone	30.185545	38.656078	20.301495	23.394661	nervous-65	None	-4	0	None
4.250500	4.280500	--undefined--	--undefined--	--undefined--	48.902451	47.839119	49.411011	4.250500	4.280500	49.345036	49.345036	49.411011	49.014633	47.839119	0	0	0	0	0	0	w	%V	m	%V	4	someone	30.185545	38.656078	17.208326	17.208326	nervous-65	None	-3	0	None
4.280500	4.320500	--undefined--	--undefined--	--undefined--	45.085236	43.222904	47.839119	4.280500	4.320500	47.839119	46.273121	44.711395	43.379635	43.222904	0	0	0	0	0	0	%V	n	w	%V	5	someone	30.185545	38.656078	27.702942	27.760450	nervous-65	None	-2	0	None
4.320500	4.350500	--undefined--	--undefined--	--undefined--	44.577850	43.222904	45.520168	4.320500	4.350500	43.222904	43.222904	44.411964	45.156357	45.520168	0	0	0	0	0	0	n	"{	%V	"{	6	someone	30.185545	38.656078	29.854912	29.854912	nervous-65	None	-1	0	None
4.350500	4.390500	--undefined--	--undefined--	--undefined--	42.634266	39.217075	46.054535	4.350500	4.390500	45.520168	46.054535	42.250366	40.129189	39.217075	0	0	0	0	0	0	"{	t	n	"{	1	at	22.355488	29.630436	28.340744	29.630436	nervous-65	None	-2	0	None
4.390500	4.430500	207.852112	207.852112	207.852112	35.876881	33.575710	39.217075	4.390500	4.430500	39.217075	36.465679	35.189713	34.936211	33.575710	0	0	0	0	0	0	t	h	"{	"eI	2	at	22.355488	29.630436	15.663986	26.928249	nervous-65	None	-1	0	None
4.430500	4.490500	--undefined--	--undefined--	--undefined--	38.547844	33.283611	47.824883	4.430500	4.490500	33.575710	33.900497	35.042473	40.988632	47.824883	0	0	0	0	0	0	h	"eI	t	"eI	1	halex	28.595816	38.224289	22.458294	27.808151	nervous-65	None	-6	0	None
4.490500	4.600500	--undefined--	--undefined--	--undefined--	48.760914	47.481037	49.831192	4.490500	4.600500	47.824883	49.190964	49.745354	48.493710	47.481037	0	0	0	0	0	0	"eI	l	h	"eI	2	halex	28.595816	38.224289	29.639231	32.433975	nervous-65	None	-5	0	None
4.600500	4.670500	456.099548	228.822769	683.376343	46.246948	43.478165	47.605671	4.600500	4.670500	47.481037	47.039810	47.605671	43.478165	45.838783	0	0	0	0	0	0	l	E	"eI	E	3	halex	28.595816	38.224289	27.374783	32.316772	nervous-65	None	-4	0	None
4.670500	4.760500	--undefined--	--undefined--	--undefined--	39.090012	26.152767	47.331432	4.670500	4.760500	45.838783	47.331432	41.379425	38.250610	26.152767	0	0	0	0	0	0	E	k	l	E	4	halex	28.595816	38.224289	28.260601	30.852156	nervous-65	None	-3	0	None
4.760500	4.810500	513.770447	513.770447	513.770447	33.181946	26.152767	37.970444	4.760500	4.810500	26.152767	26.532303	34.747459	36.163620	37.970444	0	0	0	0	0	0	k	s	E	"eI	5	halex	28.595816	38.224289	25.918674	32.412621	nervous-65	None	-2	0	None
4.810500	4.990499	453.424316	231.591080	694.418091	29.317640	16.891029	39.893040	4.810500	4.990499	37.970444	37.610855	31.442516	21.874413	17.372704	0	0	0	0	0	0	s	sil	k	"eI	6	halex	28.595816	38.224289	32.645409	38.224289	nervous-65	None	-1	0	None
4.990499	5.160500	410.734375	410.734375	410.734375	15.974461	13.063131	18.279545	4.990499	5.160500	17.372704	16.923431	15.899584	14.315880	16.107504	0	0	0	0	0	0	sil	D	s	"eI	1	.	15.634325	23.240929	15.634325	23.240929	nervous-65	None	-1	0	None
5.160500	5.230500	--undefined--	--undefined--	--undefined--	24.883987	14.166878	40.314220	5.160500	5.230500	16.107504	16.277267	15.196420	32.669788	40.314220	0	0	0	0	0	0	D	"eI	sil	"eI	1	they	23.512066	29.519794	23.111435	25.102081	nervous-65	None	-2	0	None
5.230500	5.300500	--undefined--	--undefined--	--undefined--	36.719055	27.874907	42.009296	5.230500	5.300500	40.314220	42.009296	40.127163	32.161835	27.874907	0	0	0	0	0	0	"eI	k	D	"eI	2	they	23.512066	29.519794	24.349007	29.519794	nervous-65	None	-1	0	None
5.300500	5.370500	--undefined--	--undefined--	--undefined--	30.822439	25.180824	45.616409	5.300500	5.370500	27.874907	25.180824	27.608303	30.554932	45.616409	0	0	0	0	0	0	k	"V	"eI	"V	1	colored	26.137657	32.926476	20.335760	22.855322	nervous-65	None	-5	0	None
5.370500	5.420500	697.803650	697.803650	697.803650	48.687069	45.616409	49.610008	5.370500	5.420500	45.616409	48.554588	49.610008	49.457432	49.506706	0	0	0	0	0	0	"V	l	k	"V	2	colored	26.137657	32.926476	30.497524	32.926476	nervous-65	None	-4	0	None
5.420500	5.480500	--undefined--	--undefined--	--undefined--	48.222874	47.241043	49.506706	5.420500	5.480500	49.506706	48.798103	48.162495	47.818893	47.241043	0	0	0	0	0	0	l	3`	"V	3`	3	colored	26.137657	32.926476	25.763767	32.244247	nervous-65	None	-3	0	None
5.480500	5.510500	--undefined--	--undefined--	--undefined--	42.985619	39.134850	47.241043	5.480500	5.510500	47.241043	47.241043	44.592419	39.134850	40.974155	0	0	0	0	0	0	3`	d	l	3`	4	colored	26.137657	32.926476	29.958237	30.191105	nervous-65	None	-2	0	None
5.510500	5.550500	--undefined--	--undefined--	--undefined--	40.980858	40.538147	41.533298	5.510500	5.550500	40.974155	41.271561	40.538147	40.587143	41.533298	0	0	0	0	0	0	d	D	3`	V	5	colored	26.137657	32.926476	30.586964	31.125162	nervous-65	None	-1	0	None
5.550500	5.580500	--undefined--	--undefined--	--undefined--	44.460106	41.533298	45.894470	5.550500	5.580500	41.533298	41.533298	44.614925	45.894470	45.797737	0	0	0	0	0	0	D	V	d	V	1	the	35.667675	41.032784	32.016121	32.907078	nervous-65	None	-2	0	None
5.580500	5.660500	--undefined--	--undefined--	--undefined--	42.625793	39.844009	45.868858	5.580500	5.660500	45.797737	43.498825	39.844009	41.753304	41.715652	0	0	0	0	0	0	V	s	D	V	2	the	35.667675	41.032784	36.576180	41.032784	nervous-65	None	-1	0	None
5.660500	5.730500	--undefined--	--undefined--	--undefined--	41.133953	36.827053	46.268314	5.660500	5.730500	41.715652	41.642891	42.417912	36.827053	46.268314	0	0	0	0	0	0	s	"E	V	"E	1	celluloid	27.219528	39.129242	34.451595	39.129242	nervous-65	None	-7	0	None
5.730500	5.800500	453.031677	228.434662	677.628723	47.563145	45.596809	49.590691	5.730500	5.800500	46.268314	47.956894	49.590691	46.775566	45.889851	0	0	0	0	0	0	"E	l	s	"E	2	celluloid	27.219528	39.129242	27.773005	29.612537	nervous-65	None	-6	0	None
5.800500	5.840500	409.728210	409.728210	409.728210	47.224304	45.889851	48.063362	5.800500	5.840500	45.889851	46.892769	47.782791	48.063362	47.492744	0	0	0	0	0	0	l	V	"E	V	3	celluloid	27.219528	39.129242	28.564001	29.612537	nervous-65	None	-5	0	None
5.840500	5.900499	--undefined--	--undefined--	--undefined--	45.352013	42.170544	47.836113	5.840500	5.900499	47.492744	46.281433	47.836113	42.984695	42.903347	0	0	0	0	0	0	V	l	l	V	4	celluloid	27.219528	39.129242	27.280167	30.467525	nervous-65	None	-4	0	None
5.900499	5.930500	--undefined--	--undefined--	--undefined--	43.840221	42.903347	44.385811	5.900499	5.930500	42.903347	42.903347	44.385811	44.276241	43.795486	0	0	0	0	0	0	l	%OI	V	%OI	5	celluloid	27.219528	39.129242	27.373436	29.916832	nervous-65	None	-3	0	None
5.930500	6.020500	513.939453	513.939453	513.939453	41.095631	36.904469	44.400269	5.930500	6.020500	43.795486	43.933975	42.083473	38.642277	36.904469	0	0	0	0	0	0	%OI	d	l	%OI	6	celluloid	27.219528	39.129242	23.239878	28.754433	nervous-65	None	-2	0	None
6.020500	6.080500	--undefined--	--undefined--	--undefined--	32.029598	26.702888	36.904469	6.020500	6.080500	36.904469	34.676582	33.108429	30.349422	27.229965	0	0	0	0	0	0	d	f	%OI	"O	7	celluloid	27.219528	39.129242	19.548449	26.575794	nervous-65	None	-1	0	None
6.080500	6.150499	479.695618	364.254913	595.136292	33.021496	24.644958	44.683853	6.080500	6.150499	27.229965	27.615860	30.759312	35.717476	44.683853	0	0	0	0	0	0	f	"O	d	"O	1	for	23.799658	32.009773	22.188578	32.009773	nervous-65	None	-3	0	None
6.150499	6.230499	412.000305	412.000305	412.000305	41.876450	39.032444	44.683853	6.150499	6.230499	44.683853	41.703842	42.538849	40.208923	41.314804	0	0	0	0	0	0	"O	r\	f	"O	2	for	23.799658	32.009773	24.858675	28.827963	nervous-65	None	-2	0	None
6.230499	6.280499	392.421082	83.915176	700.927002	40.212376	39.286583	41.314804	6.230499	6.280499	41.314804	39.371391	39.286583	40.072346	40.958572	0	0	0	0	0	0	r\	m	"O	"i	3	for	23.799658	32.009773	21.434530	28.882568	nervous-65	None	-1	0	None
6.280499	6.350500	468.526062	239.110291	697.941833	39.007812	35.858807	40.958572	6.280499	6.350500	40.958572	40.688316	39.810028	38.671841	35.858807	0	0	0	0	0	0	m	"i	r\	"i	1	me	22.466606	30.070480	24.724268	30.070480	nervous-65	None	-2	0	None
6.350500	6.440500	340.081848	340.081848	340.081848	26.106619	19.032482	35.858807	6.350500	6.440500	35.858807	30.633486	25.702324	22.431526	19.032482	0	0	0	0	0	0	"i	sil	m	"i	2	me	22.466606	30.070480	20.208941	23.100201	nervous-65	None	-1	0	None
6.440500	7.454249	--undefined--	--undefined--	--undefined--	-217.545364	-300.000000	22.928272	6.440500	7.454249	19.032482	-300.000000	-300.000000	-300.000000	16.111347	0	0	0	0	0	0	sil	m	"i	"V	1	.	15.522475	24.997217	15.522475	24.997217	nervous-65	None	-1	0	None
7.454249	7.604250	387.794189	387.794189	387.794189	30.262196	13.274579	49.637623	7.454249	7.604250	16.111347	21.731079	23.097954	38.572060	49.637623	0	0	0	0	0	0	m	"V	sil	"V	1	money	26.162376	32.948822	24.061562	32.900627	nervous-65	None	-4	0	None
7.604250	7.634250	387.794189	387.794189	387.794189	50.643959	49.637623	51.092705	7.604250	7.634250	49.637623	50.850624	50.850624	50.994877	51.092705	0	0	0	0	0	0	"V	n	m	"V	2	money	26.162376	32.948822	29.332674	32.900627	nervous-65	None	-3	0	None
7.634250	7.674250	--undefined--	--undefined--	--undefined--	50.737331	49.854961	51.567039	7.634250	7.674250	51.092705	51.567039	51.034706	50.137234	49.854961	0	0	0	0	0	0	n	i	"V	i	3	money	26.162376	32.948822	28.338503	32.948822	nervous-65	None	-2	0	None
7.674250	7.734250	--undefined--	--undefined--	--undefined--	46.638393	41.059280	49.953022	7.674250	7.734250	49.854961	49.953022	45.908009	47.556297	41.059280	0	0	0	0	0	0	i	b	n	i	4	money	26.162376	32.948822	28.465641	31.116068	nervous-65	None	-1	0	None
7.734250	7.814250	--undefined--	--undefined--	--undefined--	40.810520	36.529087	44.536785	7.734250	7.814250	41.059280	36.529087	40.045010	44.536785	41.601669	0	0	0	0	0	0	b	"eI	i	"eI	1	baby	23.943693	31.481211	24.909662	31.426029	nervous-65	None	-4	0	None
7.814250	7.854250	207.546051	207.546051	207.546051	42.975384	41.601669	43.523209	7.814250	7.854250	41.601669	43.027596	43.523209	43.472706	43.251755	0	0	0	0	0	0	"eI	b	b	"eI	2	baby	23.943693	31.481211	22.897337	31.039450	nervous-65	None	-3	0	None
7.854250	7.884250	--undefined--	--undefined--	--undefined--	43.125240	42.642155	43.387650	7.854250	7.884250	43.251755	43.387650	43.387650	43.219406	42.642155	0	0	0	0	0	0	b	i	"eI	i	3	baby	23.943693	31.481211	26.140717	31.481211	nervous-65	None	-2	0	None
7.884250	7.914250	--undefined--	--undefined--	--undefined--	42.415863	42.276863	42.642155	7.884250	7.914250	42.642155	42.351547	42.351547	42.392883	42.276863	0	0	0	0	0	0	i	m	b	i	4	baby	23.943693	31.481211	20.335705	21.777914	nervous-65	None	-1	0	None
7.914250	7.954249	--undefined--	--undefined--	--undefined--	43.285870	42.276863	44.233871	7.914250	7.954249	42.276863	42.697163	43.247074	43.974377	44.233871	0	0	0	0	0	0	m	"i	i	"i	1	me	27.040186	32.575058	29.207407	30.402966	nervous-65	None	-2	0	None
7.954249	8.074249	--undefined--	--undefined--	--undefined--	34.341652	23.355907	44.233871	7.954249	8.074249	44.233871	40.892929	34.657372	28.239840	23.676155	0	0	0	0	0	0	"i	sil	m	"i	2	me	27.040186	32.575058	25.360020	32.575058	nervous-65	None	-1	0	None
8.074249	9.144249	450.384613	260.574127	695.620178	16.787508	10.491752	23.676155	8.074249	9.144249	23.676155	16.655300	17.417505	14.828684	15.653461	0	0	0	0	0	0	sil	V	"i	V	1	.	17.860613	24.759708	17.860613	24.759708	nervous-65	None	-1	0	None
9.144249	9.174250	--undefined--	--undefined--	--undefined--	24.148567	15.653461	33.283607	9.144249	9.174250	15.653461	18.861919	18.861919	28.795284	33.283607	0	0	0	0	0	0	V	n	sil	V	1	and	17.089346	19.484028	17.183016	19.484028	nervous-65	None	-2	0	None
9.174250	9.234250	--undefined--	--undefined--	--undefined--	38.574993	31.142296	42.829556	9.174250	9.234250	33.283607	31.142296	41.311069	42.829556	41.568893	0	0	0	0	0	0	n	m	V	"aI	2	and	17.089346	19.484028	16.902006	16.902006	nervous-65	None	-1	0	None
9.234250	9.304250	--undefined--	--undefined--	--undefined--	45.885216	41.568893	49.068810	9.234250	9.304250	41.568893	43.803040	45.811790	48.368279	48.521824	0	0	0	0	0	0	m	"aI	n	"aI	1	my	25.968475	31.472099	21.729782	22.125013	nervous-65	None	-2	0	None
9.304250	9.374249	--undefined--	--undefined--	--undefined--	44.956131	35.582001	49.419708	9.304250	9.374249	48.521824	49.195061	49.419708	43.344589	35.582001	0	0	0	0	0	0	"aI	p	m	"aI	2	my	25.968475	31.472099	28.120178	31.472099	nervous-65	None	-1	0	None
9.374249	9.464250	555.077576	555.077576	555.077576	34.691689	26.743137	52.198299	9.374249	9.464250	35.582001	29.554598	26.743137	34.592052	52.198299	0	0	0	0	0	0	p	"A	"aI	"A	1	pop	23.308809	34.001396	19.114494	31.746397	nervous-65	None	-3	0	None
9.464250	9.584249	--undefined--	--undefined--	--undefined--	46.750412	37.503502	52.561073	9.464250	9.584249	52.198299	49.098007	45.605129	46.449348	37.503502	0	0	0	0	0	0	"A	p	p	"A	2	pop	23.308809	34.001396	28.199415	33.064117	nervous-65	None	-2	0	None
9.584249	9.644250	--undefined--	--undefined--	--undefined--	34.683475	28.536055	44.000084	9.584249	9.644250	37.503502	35.819450	30.811882	28.536055	44.000084	0	0	0	0	0	0	p	w	"A	"i	3	pop	23.308809	34.001396	22.452808	34.001396	nervous-65	None	-1	0	None
9.644250	9.694250	--undefined--	--undefined--	--undefined--	49.137955	44.000084	52.271858	9.644250	9.694250	44.000084	49.191658	52.136444	50.267868	46.959831	0	0	0	0	0	0	w	"i	p	"i	1	we	25.692022	34.169529	27.717337	34.169529	nervous-65	None	-2	0	None
9.694250	9.724250	514.276733	514.276733	514.276733	46.753384	46.387768	46.959831	9.694250	9.724250	46.959831	46.829277	46.829277	46.836655	46.387768	0	0	0	0	0	0	"i	b	w	"i	2	we	25.692022	34.169529	15.734718	15.903990	nervous-65	None	-1	0	None
9.724250	9.784249	514.276733	514.276733	514.276733	43.545437	40.711426	46.387768	9.724250	9.784249	46.387768	46.241364	42.188370	40.711426	44.506149	0	0	0	0	0	0	b	I	"i	I	1	believe	28.372717	33.971146	26.747427	31.471756	nervous-65	None	-5	0	None
9.784249	9.814250	--undefined--	--undefined--	--undefined--	46.165226	44.506149	47.124348	9.784249	9.814250	44.506149	46.577168	46.577168	46.453251	47.124348	0	0	0	0	0	0	I	l	b	I	2	believe	28.372717	33.971146	29.231655	32.035686	nervous-65	None	-4	0	None
9.814250	9.914249	--undefined--	--undefined--	--undefined--	50.031788	47.124348	53.324509	9.814250	9.914249	47.124348	48.145294	50.564796	53.134827	49.245476	0	0	0	0	0	0	l	"i	I	"i	3	believe	28.372717	33.971146	29.907600	33.971146	nervous-65	None	-3	0	None
9.914249	9.964250	518.971497	518.971497	518.971497	49.280315	48.533981	50.593391	9.914249	9.964250	49.245476	48.533981	48.742714	50.593391	48.590881	0	0	0	0	0	0	"i	v	l	"i	4	believe	28.372717	33.971146	27.597147	33.006920	nervous-65	None	-2	0	None
9.964250	10.034250	--undefined--	--undefined--	--undefined--	44.711285	41.446491	48.590881	9.964250	10.034250	48.590881	45.036560	44.073082	41.446491	46.863445	0	0	0	0	0	0	v	I	"i	I	5	believe	28.372717	33.971146	26.830114	32.529453	nervous-65	None	-1	0	None
10.034250	10.064250	--undefined--	--undefined--	--undefined--	46.955856	45.406055	48.255554	10.034250	10.064250	46.863445	45.406055	45.406055	47.298363	48.255554	0	0	0	0	0	0	I	n	v	I	1	in	29.515347	30.968416	30.428188	30.968416	nervous-65	None	-2	0	None
10.064250	10.094250	--undefined--	--undefined--	--undefined--	47.469208	46.244965	48.255554	10.064250	10.094250	48.255554	47.873871	47.873871	47.502445	46.244965	0	0	0	0	0	0	n	j	I	"u	2	in	29.515347	30.968416	28.602505	29.272449	nervous-65	None	-1	0	None
10.094250	10.154249	--undefined--	--undefined--	--undefined--	40.538982	36.866459	46.244965	10.094250	10.154249	46.244965	43.787041	36.866459	38.907341	38.078690	0	0	0	0	0	0	j	"u	n	"u	1	you	23.491840	32.030079	27.833746	32.030079	nervous-65	None	-2	0	None
10.154249	10.374249	--undefined--	--undefined--	--undefined--	28.259426	19.947859	38.343231	10.154249	10.374249	38.078690	36.536900	22.740284	33.227203	20.347469	0	0	0	0	0	0	"u	sil	j	"u	2	you	23.491840	32.030079	22.784250	30.377167	nervous-65	None	-1	0	None
10.374249	10.774249	89.364220	89.364220	89.364220	17.357927	13.985260	23.081293	10.374249	10.774249	20.347469	17.449318	14.915955	16.583694	16.460484	0	0	0	0	0	0	sil	w	"u	"E	1	.	18.668724	25.264900	18.668724	25.264900	nervous-65	None	-1	0	None
10.774249	10.894249	--undefined--	--undefined--	--undefined--	28.830181	15.487240	39.239193	10.774249	10.894249	16.460484	36.693550	32.598824	24.706556	35.200123	0	0	0	0	0	0	w	"E	sil	"E	1	we're	21.165905	33.234665	20.353453	33.234665	nervous-65	None	-2	0	None
10.894249	10.924249	--undefined--	--undefined--	--undefined--	37.639374	35.200123	39.668327	10.894249	10.924249	35.200123	36.621014	36.621014	39.068035	39.668327	0	0	0	0	0	0	"E	I	w	"E	2	we're	21.165905	33.234665	24.137510	28.033163	nervous-65	None	-1	0	None
10.924249	10.954249	--undefined--	--undefined--	--undefined--	42.107952	39.668327	43.950012	10.924249	10.954249	39.668327	41.680923	41.680923	43.132549	43.950012	0	0	0	0	0	0	I	n	"E	I	1	invested	26.919443	31.188911	26.381538	29.652575	nervous-65	None	-8	0	None
10.954249	11.004250	--undefined--	--undefined--	--undefined--	42.068157	38.007500	44.181641	10.954249	11.004250	43.950012	44.181641	43.802078	40.177376	38.007500	0	0	0	0	0	0	n	v	I	"E	2	invested	26.919443	31.188911	28.508886	29.652575	nervous-65	None	-7	0	None
11.004250	11.054250	--undefined--	--undefined--	--undefined--	43.641521	37.741554	52.052383	11.004250	11.054250	38.007500	37.741554	39.414497	49.569241	52.052383	0	0	0	0	0	0	v	"E	n	"E	3	invested	26.919443	31.188911	29.353308	31.016914	nervous-65	None	-6	0	None
11.054250	11.154250	550.492004	390.111267	669.077271	46.468712	39.379791	52.699379	11.054250	11.154250	52.052383	51.428432	47.192802	44.215588	39.379791	0	0	0	0	0	0	"E	s	v	"E	4	invested	26.919443	31.188911	27.472975	31.188911	nervous-65	None	-5	0	None
11.154250	11.204249	351.068909	312.026520	390.111267	40.679920	39.379791	41.843597	11.154250	11.204249	39.379791	40.000725	40.451790	41.843597	40.928101	0	0	0	0	0	0	s	t	"E	V	5	invested	26.919443	31.188911	26.292734	30.789658	nervous-65	None	-4	0	None
11.204249	11.234249	312.026520	312.026520	312.026520	37.432190	33.148872	40.928101	11.204249	11.234249	40.928101	36.778568	36.778568	33.148872	38.873222	0	0	0	0	0	0	t	V	s	V	6	invested	26.919443	31.188911	--undefined--	--undefined--	nervous-65	None	-3	0	None
11.234249	11.264249	--undefined--	--undefined--	--undefined--	38.204796	36.616241	39.694172	11.234249	11.264249	38.873222	39.694172	39.694172	37.635540	36.616241	0	0	0	0	0	0	V	d	t	V	7	invested	26.919443	31.188911	26.131779	26.131779	nervous-65	None	-2	0	None
11.264249	11.294250	--undefined--	--undefined--	--undefined--	37.665382	36.299904	40.873253	11.264249	11.294250	36.616241	36.299904	36.299904	36.872128	40.873253	0	0	0	0	0	0	d	D	V	"{	8	invested	26.919443	31.188911	25.286692	29.422222	nervous-65	None	-1	0	None
11.294250	11.324249	--undefined--	--undefined--	--undefined--	45.359077	40.873253	48.776894	11.294250	11.324249	40.873253	44.004322	44.004322	47.781845	48.776894	0	0	0	0	0	0	D	"{	d	"{	1	that's	26.835894	33.313873	26.225430	31.299696	nervous-65	None	-4	0	None
11.324249	11.374249	--undefined--	--undefined--	--undefined--	47.421875	42.397022	49.473301	11.324249	11.374249	48.776894	48.953011	49.473301	46.182117	42.397022	0	0	0	0	0	0	"{	t	D	"{	2	that's	26.835894	33.313873	26.415583	29.836119	nervous-65	None	-3	0	None
11.374249	11.414249	--undefined--	--undefined--	--undefined--	37.581978	34.992317	42.397022	11.374249	11.414249	42.397022	38.546745	34.992317	35.393471	36.580318	0	0	0	0	0	0	t	s	"{	"aI	3	that's	26.835894	33.313873	22.517456	25.361534	nervous-65	None	-2	0	None
11.414249	11.464250	411.630768	411.630768	411.630768	35.043301	30.667589	37.906631	11.414249	11.464250	36.580318	37.906631	33.326012	30.667589	37.653584	0	0	0	0	0	0	s	w	t	"aI	4	that's	26.835894	33.313873	29.059641	33.313873	nervous-65	None	-1	0	None
11.464250	11.524250	340.582703	340.582703	340.582703	45.621101	37.653584	48.485302	11.464250	11.524250	37.653584	43.341583	47.682449	47.450680	48.485302	0	0	0	0	0	0	w	"aI	s	"aI	1	why	27.309294	32.337009	27.714283	32.337009	nervous-65	None	-2	0	None
11.524250	11.564249	--undefined--	--undefined--	--undefined--	46.677589	45.384785	48.485302	11.524250	11.564249	48.485302	47.623734	46.081917	45.384785	45.812222	0	0	0	0	0	0	"aI	h	w	"aI	2	why	27.309294	32.337009	27.271496	29.183044	nervous-65	None	-1	0	None
11.564249	11.594249	--undefined--	--undefined--	--undefined--	45.876095	45.311146	46.482605	11.564249	11.594249	45.812222	46.482605	46.482605	45.898403	45.311146	0	0	0	0	0	0	h	"i	"aI	"i	1	he's	29.317120	33.813873	29.058205	33.813873	nervous-65	None	-3	0	None
11.594249	11.624249	--undefined--	--undefined--	--undefined--	43.520920	41.360558	45.311146	11.594249	11.624249	45.311146	44.257694	44.257694	43.154293	41.360558	0	0	0	0	0	0	"i	z	h	"i	2	he's	29.317120	33.813873	28.598267	28.777416	nervous-65	None	-2	0	None
11.624249	11.654249	--undefined--	--undefined--	--undefined--	41.818535	40.778030	44.273190	11.624249	11.654249	41.360558	40.778030	40.778030	40.862366	44.273190	0	0	0	0	0	0	z	b	"i	I	3	he's	29.317120	33.813873	31.272663	31.272663	nervous-65	None	-1	0	None
11.654249	11.684249	--undefined--	--undefined--	--undefined--	47.721939	44.273190	49.623360	11.654249	11.684249	44.273190	47.728783	47.728783	49.262421	49.623360	0	0	0	0	0	0	b	I	z	I	1	been	28.648169	31.197037	27.952755	27.952755	nervous-65	None	-3	0	None
11.684249	11.724249	--undefined--	--undefined--	--undefined--	46.386700	44.028992	49.623360	11.684249	11.724249	49.623360	48.568275	45.178646	44.534225	44.028992	0	0	0	0	0	0	I	n	b	I	2	been	28.648169	31.197037	29.500710	30.865805	nervous-65	None	-2	0	None
11.724249	11.774250	--undefined--	--undefined--	--undefined--	41.024799	36.801044	44.028992	11.724249	11.774250	44.028992	44.013065	41.660961	37.263786	42.380951	0	0	0	0	0	0	n	s	I	"oU	3	been	28.648169	31.197037	28.140768	31.197037	nervous-65	None	-1	0	None
11.774250	11.874249	--undefined--	--undefined--	--undefined--	42.947224	35.043365	49.663727	11.774250	11.874249	42.380951	43.746529	36.779884	40.695187	49.217419	0	0	0	0	0	0	s	"oU	n	"oU	1	so	27.739868	32.168964	28.983416	32.168964	nervous-65	None	-2	0	None
11.874249	11.944249	--undefined--	--undefined--	--undefined--	46.265984	42.104355	49.217419	11.874249	11.944249	49.217419	47.488571	46.152733	42.104355	46.669292	0	0	0	0	0	0	"oU	m	s	"oU	2	so	27.739868	32.168964	27.118093	31.507750	nervous-65	None	-1	0	None
11.944249	12.044250	519.287903	519.287903	519.287903	48.143723	45.876091	50.386436	11.944249	12.044250	46.669292	45.881367	49.208115	50.386436	48.034157	0	0	0	0	0	0	m	"{	"oU	"{	1	mad	25.565048	33.584072	29.788311	33.584072	nervous-65	None	-3	0	None
12.044250	12.184250	--undefined--	--undefined--	--undefined--	45.441162	36.885712	48.409073	12.044250	12.184250	48.034157	47.519344	48.409073	44.711651	36.885712	0	0	0	0	0	0	"{	d	m	"{	2	mad	25.565048	33.584072	29.198185	32.337467	nervous-65	None	-2	0	None
12.184250	12.284249	--undefined--	--undefined--	--undefined--	23.116592	-21.094036	36.885712	12.184250	12.284249	36.885712	29.841827	27.189899	24.614433	-21.094036	0	0	0	0	0	0	d	sil	"{	"i	3	mad	25.565048	33.584072	12.306426	20.135433	nervous-65	None	-1	0	None
12.284249	16.104626	670.825562	670.825562	670.825562	-280.018799	-300.000000	31.641800	12.284249	16.104626	-21.094036	-300.000000	-300.000000	-300.000000	28.076542	0	0	0	0	0	0	sil	h	d	"i	1	.	23.146257	28.486109	23.146257	28.486109	nervous-65	None	-1	0	None
16.104626	16.134624	207.700531	207.700531	207.700531	30.572161	28.076542	35.460289	16.104626	16.134624	28.076542	29.733618	29.733618	29.018192	35.460289	0	0	0	0	0	0	h	"i	sil	"i	1	here	27.222441	32.487801	29.527092	29.943279	nervous-65	None	-3	0	None
16.134624	16.214626	365.002930	207.700531	522.305359	41.222706	35.460289	43.825054	16.134624	16.214626	35.460289	40.327248	41.315338	43.825054	43.130779	0	0	0	0	0	0	"i	r\	h	"i	2	here	27.222441	32.487801	24.572098	29.943279	nervous-65	None	-2	0	None
16.214626	16.264626	--undefined--	--undefined--	--undefined--	39.456516	34.260288	43.130779	16.214626	16.264626	43.130779	42.958012	41.761986	36.253246	34.260288	0	0	0	0	0	0	r\	tS	"i	"E	3	here	27.222441	32.487801	28.720520	32.487801	nervous-65	None	-1	0	None
16.264626	16.374626	--undefined--	--undefined--	--undefined--	39.169025	30.774551	51.868553	16.264626	16.374626	34.260288	30.774551	41.109444	37.103783	51.868553	0	0	0	0	0	0	tS	"E	r\	"E	1	check	29.571911	33.299255	28.356497	30.743530	nervous-65	None	-3	0	None
16.374626	16.414625	--undefined--	--undefined--	--undefined--	50.397484	47.322407	52.105278	16.374626	16.414625	51.868553	52.105278	51.526810	49.164383	47.322407	0	0	0	0	0	0	"E	k	tS	"E	2	check	29.571911	33.299255	30.614071	33.299255	nervous-65	None	-2	0	None
16.414625	16.444626	526.146057	526.146057	526.146057	47.927841	46.424976	49.993538	16.414625	16.444626	47.322407	46.424976	46.424976	47.970444	49.993538	0	0	0	0	0	0	k	"aU	"E	"aU	3	check	29.571911	33.299255	30.960583	31.376085	nervous-65	None	-1	0	None
16.444626	16.494625	526.146057	526.146057	526.146057	47.907639	43.095020	50.146530	16.444626	16.494625	49.993538	50.146530	49.414124	46.134720	43.095020	0	0	0	0	0	0	"aU	t	k	"aU	1	out	30.696571	31.100117	30.849749	31.100117	nervous-65	None	-2	0	None
16.494625	16.524624	517.537537	517.537537	517.537537	38.679901	34.747540	43.095020	16.494625	16.524624	43.095020	40.662178	40.662178	36.214867	34.747540	0	0	0	0	0	0	t	D	"aU	V	2	out	30.696571	31.100117	30.237036	30.237036	nervous-65	None	-1	0	None
16.524624	16.554626	--undefined--	--undefined--	--undefined--	43.572792	34.747540	51.080673	16.524624	16.554626	34.747540	39.608528	39.608528	48.854424	51.080673	0	0	0	0	0	0	D	V	t	V	1	the	28.655294	32.057068	29.994242	29.994242	nervous-65	None	-2	0	None
16.554626	16.624626	--undefined--	--undefined--	--undefined--	42.607025	32.559219	51.080673	16.554626	16.624626	51.080673	46.647903	42.612133	39.169411	32.559219	0	0	0	0	0	0	V	p	D	V	2	the	28.655294	32.057068	28.387506	32.057068	nervous-65	None	-1	0	None
16.624626	16.674625	--undefined--	--undefined--	--undefined--	39.682457	31.927769	51.881775	16.624626	16.674625	32.559219	31.927769	32.648598	49.217457	51.881775	0	0	0	0	0	0	p	"{	V	"{	1	packaging	29.303804	37.561031	28.817810	29.931967	nervous-65	None	-7	0	None
16.674625	16.804626	409.960327	409.960327	409.960327	48.882378	42.830841	51.881775	16.674625	16.804626	51.881775	50.553215	50.332497	46.457710	42.830841	0	0	0	0	0	0	"{	k	p	"{	2	packaging	29.303804	37.561031	30.668112	33.096676	nervous-65	None	-6	0	None
16.804626	16.834625	--undefined--	--undefined--	--undefined--	41.886745	40.739193	42.830841	16.804626	16.834625	42.830841	42.318844	42.318844	40.739193	41.658092	0	0	0	0	0	0	k	I	"{	I	3	packaging	29.303804	37.561031	24.139959	27.331049	nervous-65	None	-5	0	None
16.834625	16.884624	--undefined--	--undefined--	--undefined--	41.061649	39.867016	42.167854	16.834625	16.884624	41.658092	42.167854	42.102680	40.211624	39.867016	0	0	0	0	0	0	I	dZ	k	I	4	packaging	29.303804	37.561031	23.300602	23.739109	nervous-65	None	-4	0	None
16.884624	16.934626	--undefined--	--undefined--	--undefined--	39.789448	39.363575	40.767479	16.884624	16.934626	39.867016	39.648727	39.725883	39.363575	40.767479	0	0	0	0	0	0	dZ	I	I	I	5	packaging	29.303804	37.561031	29.476501	31.951042	nervous-65	None	-3	0	None
16.934626	16.964626	--undefined--	--undefined--	--undefined--	42.069046	40.767479	42.905865	16.934626	16.964626	40.767479	42.002876	42.002876	42.599968	42.905865	0	0	0	0	0	0	I	N	dZ	I	6	packaging	29.303804	37.561031	29.733931	31.174973	nervous-65	None	-2	0	None
16.964626	16.994625	--undefined--	--undefined--	--undefined--	44.088593	40.714554	50.374332	16.964626	16.994625	42.905865	42.359615	42.359615	40.714554	50.374332	0	0	0	0	0	0	N	j	I	"{	7	packaging	29.303804	37.561031	32.100315	37.561031	nervous-65	None	-1	0	None
16.994625	17.024624	--undefined--	--undefined--	--undefined--	47.057640	43.445114	50.374332	16.994625	17.024624	50.374332	49.241570	49.241570	45.169540	43.445114	0	0	0	0	0	0	j	"{	N	"{	1	yeah	26.715424	37.561031	34.003456	37.561031	nervous-65	None	-2	0	None
17.024624	17.314625	374.705444	341.927277	409.033386	36.579552	27.193142	47.226604	17.024624	17.314625	43.445114	35.787971	36.878628	41.514717	27.486582	0	0	0	0	0	0	"{	sil	j	"{	2	yeah	26.715424	37.561031	25.500750	32.667316	nervous-65	None	-1	0	None
17.314625	26.258562	409.312317	409.312317	409.312317	-287.307648	-300.000000	28.533447	17.314625	26.258562	27.486582	-300.000000	-300.000000	-300.000000	22.068813	0	0	0	0	0	0	sil	p	"{	"I	1	.	16.635067	25.695848	16.635067	25.695848	nervous-65	None	-1	0	None
26.258562	26.288561	--undefined--	--undefined--	--undefined--	27.916880	22.068813	32.796600	26.258562	26.288561	22.068813	32.796600	27.470440	29.331663	29.331663	0	0	0	0	0	0	p	r\	sil	"I	1	pretty	27.524038	34.221256	21.577744	26.001286	nervous-65	None	-5	0	None
26.288561	26.318562	--undefined--	--undefined--	--undefined--	40.062035	29.331663	46.812263	26.288561	26.318562	29.331663	39.955185	44.149033	46.812263	46.812263	0	0	0	0	0	0	r\	"I	p	"I	2	pretty	27.524038	34.221256	29.852612	33.703938	nervous-65	None	-4	0	None
26.318562	26.428562	--undefined--	--undefined--	--undefined--	42.694286	30.924437	48.938721	26.318562	26.428562	46.812263	48.225273	46.692474	33.894566	32.123314	0	0	0	0	0	0	"I	t	r\	"I	3	pretty	27.524038	34.221256	29.836451	33.703938	nervous-65	None	-3	0	None
26.428562	26.488562	--undefined--	--undefined--	--undefined--	32.637722	26.280350	47.293243	26.428562	26.488562	32.123314	26.280350	28.046307	34.642365	47.293243	0	0	0	0	0	0	t	i	"I	i	4	pretty	27.524038	34.221256	26.360752	32.415295	nervous-65	None	-2	0	None
26.488562	26.608562	--undefined--	--undefined--	--undefined--	49.836075	44.061832	53.185581	26.488562	26.608562	47.293243	51.464066	50.864380	49.801094	44.061832	0	0	0	0	0	0	i	g	t	i	5	pretty	27.524038	34.221256	27.771017	34.221256	nervous-65	None	-1	0	None
26.608562	26.668562	--undefined--	--undefined--	--undefined--	46.518642	41.724380	52.862350	26.608562	26.668562	44.061832	41.890675	44.635277	51.696953	52.862350	0	0	0	0	0	0	g	"U	i	"U	1	good	27.548513	32.442287	26.499985	26.615170	nervous-65	None	-3	0	None
26.668562	26.738562	--undefined--	--undefined--	--undefined--	48.877975	46.375946	52.862350	26.668562	26.738562	52.862350	47.889030	48.708057	48.170856	46.681637	0	0	0	0	0	0	"U	d	g	"U	2	good	27.548513	32.442287	28.917637	32.442287	nervous-65	None	-2	0	None
26.738562	26.768562	--undefined--	--undefined--	--undefined--	44.792057	43.684429	46.681637	26.738562	26.768562	46.681637	43.684429	44.455986	44.346180	44.346180	0	0	0	0	0	0	d	r\	"U	"aI	3	good	27.548513	32.442287	26.624481	29.079891	nervous-65	None	-1	0	None
26.768562	26.828562	314.978638	290.684814	339.272461	46.144379	44.346180	47.939270	26.768562	26.828562	44.346180	45.626694	46.719284	47.554089	46.298103	0	0	0	0	0	0	r\	"aI	d	"aI	1	right	22.589838	31.964319	29.446175	29.674940	nervous-65	None	-3	0	None
26.828562	26.948563	339.272461	339.272461	339.272461	46.443401	38.715160	49.245560	26.828562	26.948563	46.298103	48.117096	49.036758	47.680302	38.715160	0	0	0	0	0	0	"aI	t	r\	"aI	2	right	22.589838	31.964319	25.710247	31.964319	nervous-65	None	-2	0	None
26.948563	27.058561	64.270615	64.270615	64.270615	16.024893	-70.510490	38.715160	26.948563	27.058561	38.715160	29.773350	25.602951	10.538736	-70.510490	0	0	0	0	0	0	t	sil	"aI	"{	3	right	22.589838	31.964319	17.781942	27.610538	nervous-65	None	-1	0	None
27.058561	31.681875	--undefined--	--undefined--	--undefined--	-294.115784	-300.000000	18.051371	27.058561	31.681875	-70.510490	-300.000000	-300.000000	-300.000000	18.051371	0	0	0	0	0	0	sil	h	t	"{	1	.	16.231598	16.774651	16.231598	16.774651	nervous-65	None	-1	0	None
31.681875	31.801874	515.793945	515.793945	515.793945	36.298611	18.051371	51.121216	31.681875	31.801874	18.051371	25.940020	40.068153	39.411888	48.584053	0	0	0	0	0	0	h	"{	sil	"{	1	hand	28.069891	36.989601	26.891594	36.989601	happy-82	None	-4	0	None
31.801874	31.931875	515.793945	515.793945	515.793945	49.794365	48.584053	51.004173	31.801874	31.931875	48.584053	50.444904	50.260487	49.681000	48.670807	0	0	0	0	0	0	"{	n	h	"{	2	hand	28.069891	36.989601	28.167208	35.434616	happy-82	None	-3	0	None
31.931875	31.961874	--undefined--	--undefined--	--undefined--	46.866325	45.795269	48.670807	31.931875	31.961874	48.670807	48.670807	45.905930	45.795269	47.093285	0	0	0	0	0	0	n	d	"{	"O	3	hand	28.069891	36.989601	29.669193	33.150185	happy-82	None	-2	0	None
31.961874	31.991873	--undefined--	--undefined--	--undefined--	45.930389	45.397697	47.093285	31.961874	31.991873	47.093285	47.093285	45.666588	45.563980	45.397697	0	0	0	0	0	0	d	d	n	"O	4	hand	28.069891	36.989601	30.442829	30.490391	happy-82	None	-1	0	None
31.991873	32.041878	--undefined--	--undefined--	--undefined--	43.556553	41.051823	46.317295	31.991873	32.041878	45.397697	42.854012	41.051823	41.338924	46.317295	0	0	0	0	0	0	d	r\	d	"O	1	drawn	27.183788	33.676159	33.676159	33.676159	happy-82	None	-4	0	None
32.041878	32.131874	--undefined--	--undefined--	--undefined--	50.459496	46.317295	52.002773	32.041878	32.131874	46.317295	50.658638	51.983444	51.378304	50.810966	0	0	0	0	0	0	r\	"O	d	"O	2	drawn	27.183788	33.676159	31.113272	33.676159	happy-82	None	-3	0	None
32.131874	32.221878	--undefined--	--undefined--	--undefined--	49.557564	46.784775	50.810966	32.131874	32.221878	50.810966	49.677128	49.160496	50.429707	46.784775	0	0	0	0	0	0	"O	n	r\	"O	3	drawn	27.183788	33.676159	26.471819	33.272533	happy-82	None	-2	0	None
32.221878	32.281876	--undefined--	--undefined--	--undefined--	41.097713	34.682457	46.784775	32.221878	32.281876	46.784775	45.164360	41.759499	38.742085	34.682457	0	0	0	0	0	0	n	t	"O	"u	4	drawn	27.183788	33.676159	22.223530	30.632256	happy-82	None	-1	0	None
32.281876	32.341873	--undefined--	--undefined--	--undefined--	38.930851	34.682457	50.536499	32.281876	32.341873	34.682457	35.534397	38.318581	37.716717	50.536499	0	0	0	0	0	0	t	"u	n	"u	1	too	28.226156	35.481430	31.009796	35.481430	happy-82	None	-2	0	None
32.341873	32.541878	87.471390	87.471390	87.471390	44.472954	31.532463	52.937225	32.341873	32.541878	50.536499	48.456253	46.732094	39.456604	43.290871	0	0	0	0	0	0	"u	sil	t	"u	2	too	28.226156	35.481430	26.486378	34.049484	happy-82	None	-1	0	None
32.541878	33.502068	522.808899	522.808899	522.808899	-254.825302	-300.000000	43.290871	32.541878	33.502068	43.290871	-300.000000	-300.000000	-300.000000	26.592997	0	0	0	0	0	0	sil	j	"u	"{	1	.	14.224592	24.575386	14.224592	24.575386	happy-82	None	-1	0	None
33.502068	33.612061	--undefined--	--undefined--	--undefined--	39.731762	26.592997	47.625633	33.502068	33.612061	26.592997	34.437290	38.936306	45.692097	47.031013	0	0	0	0	0	0	j	"{	sil	"{	1	yeah	26.450422	32.968590	27.335066	32.968590	happy-82	None	-2	0	None
33.612061	33.812065	339.577606	339.577606	339.577606	44.839882	30.037155	50.910980	33.612061	33.812065	47.031013	49.128502	50.910980	43.350761	30.037155	0	0	0	0	0	0	"{	"aI	j	"{	2	yeah	26.450422	32.968590	25.565777	27.563440	happy-82	None	-1	0	None
33.812065	33.862061	--undefined--	--undefined--	--undefined--	26.011520	21.781149	30.037155	33.812065	33.862061	30.037155	28.134930	26.737974	25.925556	21.781149	0	0	0	0	0	0	"aI	sil	"{	"aI	1	i	18.889946	24.349897	18.889946	24.349897	happy-82	None	-1	0	None
33.862061	35.003819	516.036621	516.036621	516.036621	-257.210419	-300.000000	27.270567	33.862061	35.003819	21.781149	-300.000000	-300.000000	-300.000000	27.270567	0	0	0	0	0	0	sil	V	"aI	V	1	.	11.678074	22.557957	11.678074	22.557957	happy-82	None	-1	0	None
35.003819	35.043819	--undefined--	--undefined--	--undefined--	24.464478	23.355442	27.270567	35.003819	35.043819	27.270567	24.442623	23.749737	23.504028	23.355442	0	0	0	0	0	0	V	p	sil	V	1	appreciate	25.544371	36.832680	--undefined--	--undefined--	happy-82	None	-8	0	None
35.043819	35.143818	--undefined--	--undefined--	--undefined--	26.180531	19.206026	37.196609	35.043819	35.143818	23.355442	19.749758	24.610510	31.053375	37.196609	0	0	0	0	0	0	p	r\	V	"i	2	appreciate	25.544371	36.832680	20.110670	25.443325	happy-82	None	-7	0	None
35.143818	35.223812	--undefined--	--undefined--	--undefined--	45.003445	37.196609	47.425217	35.143818	35.223812	37.196609	44.713993	46.713337	47.425217	46.598740	0	0	0	0	0	0	r\	"i	p	"i	3	appreciate	25.544371	36.832680	29.457312	31.938908	happy-82	None	-6	0	None
35.223812	35.253819	--undefined--	--undefined--	--undefined--	42.984699	40.207539	46.598740	35.223812	35.253819	46.598740	43.684006	43.684006	41.448524	40.207539	0	0	0	0	0	0	"i	S	r\	"i	4	appreciate	25.544371	36.832680	26.166922	29.322023	happy-82	None	-5	0	None
35.253819	35.363819	270.812256	270.812256	270.812256	40.086105	35.186733	42.845436	35.253819	35.363819	40.207539	41.213585	41.811104	39.608337	39.989361	0	0	0	0	0	0	S	i	"i	i	5	appreciate	25.544371	36.832680	32.852715	36.832680	happy-82	None	-4	0	None
35.363819	35.433811	--undefined--	--undefined--	--undefined--	39.137978	33.996799	41.076111	35.363819	35.433811	39.989361	39.871658	41.076111	39.736183	33.996799	0	0	0	0	0	0	i	%eI	S	i	6	appreciate	25.544371	36.832680	24.276609	28.996687	happy-82	None	-3	0	None
35.433811	35.503819	290.033783	213.500961	366.566589	35.055920	33.996799	36.101109	35.433811	35.503819	33.996799	36.101109	35.061283	35.153049	35.605541	0	0	0	0	0	0	%eI	t	i	%eI	7	appreciate	25.544371	36.832680	21.510326	28.996687	happy-82	None	-2	0	None
35.503819	35.533817	213.500961	213.500961	213.500961	35.629883	34.779228	36.439316	35.503819	35.533817	35.605541	35.695446	35.695446	34.779228	36.439316	0	0	0	0	0	0	t	I	%eI	I	8	appreciate	25.544371	36.832680	22.389952	23.213020	happy-82	None	-1	0	None
35.533817	35.593815	409.718567	409.718567	409.718567	32.789665	27.584782	36.439316	35.533817	35.593815	36.439316	35.866650	33.764015	30.827862	27.584782	0	0	0	0	0	0	I	t	t	I	1	it	18.102266	21.772697	19.513176	21.772697	happy-82	None	-2	0	None
35.593815	35.633816	409.718567	409.718567	409.718567	23.747063	20.336981	27.584782	35.593815	35.633816	27.584782	26.308746	23.870790	20.336981	20.634012	0	0	0	0	0	0	t	sil	I	"{	2	it	18.102266	21.772697	15.280443	16.279785	happy-82	None	-1	0	None
35.633816	38.064503	514.785461	514.785461	514.785461	-286.168610	-300.000000	21.431406	35.633816	38.064503	20.634012	-300.000000	-300.000000	-300.000000	-300.000000	0	0	0	0	0	0	sil	T	t	"{	1	.	7.255162	18.207714	7.255162	18.207714	happy-82	None	-1	0	None
38.064503	38.224506	410.482208	410.482208	410.482208	-31.353617	-300.000000	36.120609	38.064503	38.224506	-300.000000	27.630592	24.919985	33.114201	35.067963	0	0	0	0	0	0	T	"{	sil	"{	1	thanks	25.239832	31.937773	22.471689	28.507288	happy-88	None	-5	0	None
38.224506	38.284504	431.350769	431.350769	431.350769	39.205601	35.067963	42.196232	38.224506	38.284504	35.067963	37.590729	38.582546	40.915619	42.196232	0	0	0	0	0	0	"{	N	T	"{	2	thanks	25.239832	31.937773	28.512924	30.078465	happy-88	None	-4	0	None
38.284504	38.314503	--undefined--	--undefined--	--undefined--	38.354809	35.064350	42.196232	38.284504	38.314503	42.196232	39.886898	39.886898	35.064350	36.271755	0	0	0	0	0	0	N	k	"{	V	3	thanks	25.239832	31.937773	29.595833	29.595833	happy-88	None	-3	0	None
38.314503	38.344501	642.288330	642.288330	642.288330	40.335621	36.271755	42.658039	38.314503	38.344501	36.271755	41.691483	41.691483	40.721207	42.658039	0	0	0	0	0	0	k	s	N	V	4	thanks	25.239832	31.937773	--undefined--	--undefined--	happy-88	None	-2	0	None
38.344501	38.384502	--undefined--	--undefined--	--undefined--	39.538303	35.528217	44.165386	38.344501	38.384502	42.658039	44.165386	39.701366	35.638500	35.528217	0	0	0	0	0	0	s	V	k	V	5	thanks	25.239832	31.937773	28.090347	31.937773	happy-88	None	-1	0	None
38.384502	38.444500	--undefined--	--undefined--	--undefined--	40.379551	35.337212	42.631664	38.384502	38.444500	35.528217	35.337212	42.631664	42.225044	42.385277	0	0	0	0	0	0	V	l	s	V	1	a	30.804245	34.367973	30.804245	34.367973	happy-88	None	-1	0	None
38.444500	38.514500	--undefined--	--undefined--	--undefined--	43.447479	42.364899	45.135159	38.444500	38.514500	42.385277	43.409863	44.352554	42.364899	45.135159	0	0	0	0	0	0	l	"A	V	"A	1	lot	23.560793	30.917728	25.863865	30.917728	happy-88	None	-3	0	None
38.514500	38.654499	522.383118	522.383118	522.383118	43.268120	33.401321	46.525002	38.514500	38.654499	45.135159	46.137978	45.485954	43.839447	33.401321	0	0	0	0	0	0	"A	t	l	"A	2	lot	23.560793	30.917728	21.398634	27.500881	happy-88	None	-2	0	None
38.654499	38.744503	375.165833	340.284515	410.047119	26.179834	20.731930	33.401321	38.654499	38.744503	33.401321	28.885248	25.828512	21.611414	20.731930	0	0	0	0	0	0	t	sil	"A	^	3	lot	23.560793	30.917728	23.880499	26.695406	happy-88	None	-1	0	None
38.744503	38.959000	350.077820	290.837250	409.318359	21.113852	16.514475	35.300297	38.744503	38.959000	20.731930	19.010332	19.803495	18.852753	35.300297	0	0	0	0	0	0	sil	^	t	^	1	.	17.424828	25.244772	17.424828	25.244772	happy-88	None	-1	0	None