template	NADA	0	2
0.000000	3.820000	--undefined--	--undefined--	--undefined--	-298.281342	-300.000000	38.852585	0.000000	3.820000	-300.000000	-300.000000	-300.000000	-300.000000	38.852585	0	0	0	0	0	0	sil	spn	^	"aI	1	.	30.607260	30.607260	30.607260	30.607260	None	None	-1	0	
3.820000	4.748375	425.873932	340.297119	517.127258	49.804295	38.046066	65.202225	3.820000	4.748375	38.852585	42.825260	49.429302	59.038727	48.921364	0	0	0	0	0	0	spn	m	sil	"aI	1	XXNONVERBALXX	42.564980	54.635605	42.564980	54.635605	None	None	-1	0	
4.748375	4.828375	--undefined--	--undefined--	--undefined--	51.823410	47.724003	56.348957	4.748375	4.828375	48.921364	51.018814	52.059662	52.676994	56.348957	0	0	0	0	0	0	m	m	spn	"aI	1	mm	41.165459	47.724476	42.755234	46.977791	watchful-80	None	-2	0	None
4.828375	4.878375	517.353943	517.353943	517.353943	55.708767	54.093399	57.099838	4.828375	4.878375	56.348957	56.030041	54.093399	55.666180	55.014187	0	0	0	0	0	0	m	h	m	"aI	2	mm	41.165459	47.724476	41.028763	47.724476	watchful-80	None	-1	0	None
4.878375	4.998375	427.412659	340.755188	517.353943	56.164169	50.408646	61.191788	4.878375	4.998375	55.014187	53.841900	58.457527	54.877502	58.835381	0	0	0	0	0	0	h	m	m	"aI	1	hmm	46.379436	52.747684	44.212219	48.560600	watchful-80	None	-2	0	None
4.998375	5.188375	219.429825	219.429825	219.429825	56.569836	46.283726	62.355423	4.998375	5.188375	58.835381	57.918285	59.424767	50.739189	53.197445	0	0	0	0	0	0	m	spn	h	"aI	2	hmm	46.379436	52.747684	48.305847	52.747684	watchful-80	None	-1	0	None
5.188375	6.030000	444.550873	340.656616	516.208740	51.694397	38.382118	61.552700	5.188375	6.030000	53.197445	45.013866	50.108932	55.184082	39.204365	0	0	0	0	0	0	spn	sil	m	"aI	1	XXNONVERBALXX	44.273483	51.073147	44.273483	51.073147	watchful-80	None	-1	0	None
6.030000	9.900000	--undefined--	--undefined--	--undefined--	-295.924744	-300.000000	40.242268	6.030000	9.900000	39.204365	-300.000000	-300.000000	-300.000000	40.242268	0	0	0	0	0	0	sil	spn	spn	"aI	1	.	30.492554	37.166939	30.492554	37.166939	watchful-80	None	-1	0	None
9.900000	11.448750	538.360413	340.860168	694.253845	46.818115	35.410885	53.969643	9.900000	11.448750	40.242268	49.839195	51.447060	46.359161	50.652046	0	0	0	0	0	0	spn	h	sil	"aI	1	XXNONVERBALXX	40.223125	48.025406	40.223125	48.025406	watchful-80	None	-1	0	None
11.448750	11.478749	--undefined--	--undefined--	--undefined--	50.670929	48.204800	52.680782	11.448750	11.478749	50.652046	52.680782	51.146088	48.204800	48.204800	0	0	0	0	0	0	h	w	spn	"aI	1	why	42.072933	46.172752	43.318260	43.318260	provoked-72	None	-3	0	None
11.478749	11.558749	--undefined--	--undefined--	--undefined--	53.985706	48.204800	60.466900	11.478749	11.558749	48.204800	50.501869	54.320999	56.862404	60.466900	0	0	0	0	0	0	w	"aI	h	"aI	2	why	42.072933	46.172752	44.054100	46.172752	provoked-72	None	-2	0	None
11.558749	11.638749	--undefined--	--undefined--	--undefined--	60.054619	59.373703	60.646049	11.558749	11.638749	60.466900	59.948257	60.420471	59.773705	59.373703	0	0	0	0	0	0	"aI	d	w	"aI	3	why	42.072933	46.172752	40.238937	45.663193	provoked-72	None	-1	0	None
11.638749	11.668750	--undefined--	--undefined--	--undefined--	59.442619	59.183918	59.842888	11.638749	11.668750	59.373703	59.842888	59.369972	59.183918	59.183918	0	0	0	0	0	0	d	"I	"aI	"I	1	didn't	41.279621	47.360302	35.983387	42.778709	provoked-72	None	-5	0	None
11.668750	11.698750	--undefined--	--undefined--	--undefined--	57.770031	55.551395	59.183918	11.668750	11.698750	59.183918	59.113026	57.231785	55.551395	55.551395	0	0	0	0	0	0	"I	d	d	"I	2	didn't	41.279621	47.360302	42.489395	42.778709	provoked-72	None	-4	0	None
11.698750	11.728749	--undefined--	--undefined--	--undefined--	55.040085	54.610615	55.551395	11.698750	11.728749	55.551395	54.610615	54.664886	55.333427	55.333427	0	0	0	0	0	0	d	V	"I	V	3	didn't	41.279621	47.360302	45.414574	45.414574	provoked-72	None	-3	0	None
11.728749	11.758750	--undefined--	--undefined--	--undefined--	53.456295	51.706806	55.333427	11.728749	11.758750	55.333427	53.972595	52.812363	51.706806	51.706806	0	0	0	0	0	0	V	n	d	V	4	didn't	41.279621	47.360302	45.454956	47.360302	provoked-72	None	-2	0	None
11.758750	11.828750	--undefined--	--undefined--	--undefined--	52.601826	49.122879	54.360664	11.758750	11.828750	51.706806	51.975815	54.360664	52.661629	54.157959	0	0	0	0	0	0	n	j	V	"u	5	didn't	41.279621	47.360302	39.852612	44.254692	provoked-72	None	-1	0	None
11.828750	11.878750	--undefined--	--undefined--	--undefined--	53.857311	52.691612	54.684891	11.828750	11.878750	54.157959	54.477200	53.863945	53.268257	54.684891	0	0	0	0	0	0	j	"u	n	"u	1	you	40.535419	47.141190	40.982502	47.141190	provoked-72	None	-2	0	None
11.878750	11.908750	408.659332	408.659332	408.659332	52.562366	47.519001	56.385414	11.878750	11.908750	54.684891	56.385414	51.660164	47.519001	47.519001	0	0	0	0	0	0	"u	S	j	"u	2	you	40.535419	47.141190	42.141232	47.141190	provoked-72	None	-1	0	None
11.908750	12.058749	422.076691	340.412872	514.509460	49.247112	42.869576	55.536560	11.908750	12.058749	47.519001	47.388618	48.444214	42.869576	55.122814	0	0	0	0	0	0	S	"oU	"u	"oU	1	show	42.049019	46.778114	43.089752	45.846657	provoked-72	None	-2	0	None
12.058749	12.198750	594.440552	528.111694	660.769470	55.701656	54.385468	57.168503	12.058749	12.198750	55.122814	57.168503	55.122787	57.043823	54.534912	0	0	0	0	0	0	"oU	m	S	"oU	2	show	42.049019	46.778114	41.835663	46.778114	provoked-72	None	-1	0	None
12.198750	12.258750	--undefined--	--undefined--	--undefined--	54.456612	53.768875	55.095276	12.198750	12.258750	54.534912	54.572392	53.768875	53.997856	54.862778	0	0	0	0	0	0	m	"i	"oU	"i	1	me	36.945625	44.978558	37.935535	44.978558	provoked-72	None	-2	0	None
12.258750	12.318749	--undefined--	--undefined--	--undefined--	53.349895	52.299004	54.862778	12.258750	12.318749	54.862778	52.299004	54.012791	52.691231	52.603493	0	0	0	0	0	0	"i	j	m	"i	2	me	36.945625	44.978558	36.203190	42.183147	provoked-72	None	-1	0	None
12.318749	12.368750	271.111481	271.111481	271.111481	52.352322	50.856441	54.155712	12.318749	12.368750	52.603493	51.776371	50.856441	54.155712	53.248436	0	0	0	0	0	0	j	E	"i	E	1	yourself	39.508183	45.844723	35.032433	40.893303	provoked-72	None	-6	0	None
12.368750	12.438750	271.111481	271.111481	271.111481	50.175163	46.455307	53.248436	12.368750	12.438750	53.248436	50.842033	50.512714	50.526642	46.455307	0	0	0	0	0	0	E	s	j	E	2	yourself	39.508183	45.844723	39.725845	45.486946	provoked-72	None	-5	0	None
12.438750	12.598750	340.106262	340.106262	340.106262	49.747826	44.899178	54.124531	12.438750	12.598750	46.455307	51.050690	53.419144	46.825752	51.628670	0	0	0	0	0	0	s	"E	E	"E	3	yourself	39.508183	45.844723	40.430534	45.844723	provoked-72	None	-4	0	None
12.598750	12.748750	542.106689	410.177490	698.507324	55.212421	51.628670	57.894741	12.598750	12.748750	51.628670	57.741951	57.894741	53.833145	52.251160	0	0	0	0	0	0	"E	l	s	"E	4	yourself	39.508183	45.844723	38.770557	44.962193	provoked-72	None	-3	0	None
12.748750	12.838750	--undefined--	--undefined--	--undefined--	50.095238	45.221428	52.251160	12.748750	12.838750	52.251160	50.243141	51.266174	49.234997	48.807861	0	0	0	0	0	0	l	f	"E	E	5	yourself	39.508183	45.844723	41.343109	44.755714	provoked-72	None	-2	0	None
12.838750	12.888749	--undefined--	--undefined--	--undefined--	45.069412	43.060726	48.807861	12.838750	12.888749	48.807861	44.062771	43.060726	43.910545	43.875816	0	0	0	0	0	0	f	spn	l	E	6	yourself	39.508183	45.844723	40.073730	42.299850	provoked-72	None	-1	0	None
12.888749	15.348749	487.047485	290.315796	699.009583	49.795631	37.178249	59.748230	12.888749	15.348749	43.875816	38.990242	45.413383	56.481243	50.600998	0	0	0	0	0	0	spn	w	f	E	1	XXNONVERBALXX	42.039913	49.961502	42.039913	49.961502	provoked-72	None	-1	0	None
15.348749	15.448750	--undefined--	--undefined--	--undefined--	52.543846	50.600998	54.898346	15.348749	15.448750	50.600998	52.119522	51.944733	53.608364	51.465969	0	0	0	0	0	0	w	E	spn	E	1	were	42.532059	47.449387	44.068245	47.449387	provoked-72	None	-2	0	None
15.448750	15.538750	514.899170	514.899170	514.899170	53.357136	50.646690	56.936378	15.448750	15.538750	51.465969	51.415947	56.936378	53.184563	53.020988	0	0	0	0	0	0	E	j	w	E	2	were	42.532059	47.449387	40.995861	47.050282	provoked-72	None	-1	0	None
15.538750	15.608749	514.899170	514.899170	514.899170	53.018246	51.373463	54.324989	15.538750	15.608749	53.020988	53.739185	52.536907	53.294212	51.373463	0	0	0	0	0	0	j	"U	E	"U	1	you	36.276833	42.510303	34.686089	42.510303	provoked-72	None	-2	0	None
15.608749	15.638749	371.864166	371.864166	371.864166	50.757385	49.541122	52.025852	15.608749	15.638749	51.373463	52.025852	49.541122	50.089115	50.089115	0	0	0	0	0	0	"U	V	j	"U	2	you	36.276833	42.510303	32.037514	41.141811	provoked-72	None	-1	0	None
15.638749	15.668749	--undefined--	--undefined--	--undefined--	52.215324	50.089115	55.327179	15.638749	15.668749	50.089115	52.413097	51.031898	55.327179	55.327179	0	0	0	0	0	0	V	f	"U	V	1	afraid	43.487968	47.057121	42.838745	45.488605	provoked-72	None	-5	0	None
15.668749	15.778749	--undefined--	--undefined--	--undefined--	50.972813	47.858242	55.327179	15.668749	15.778749	55.327179	51.101231	50.691303	48.882332	47.858242	0	0	0	0	0	0	f	r\	V	"eI	2	afraid	43.487968	47.057121	45.207703	46.019707	provoked-72	None	-4	0	None
15.778749	15.828750	--undefined--	--undefined--	--undefined--	54.712357	47.858242	57.032627	15.778749	15.828750	47.858242	56.208630	56.094265	56.164799	57.032627	0	0	0	0	0	0	r\	"eI	f	"eI	3	afraid	43.487968	47.057121	42.267262	42.657303	provoked-72	None	-3	0	None
15.828750	15.938749	--undefined--	--undefined--	--undefined--	54.693249	50.967712	57.498013	15.828750	15.938749	57.032627	56.340694	54.749855	50.967712	52.887177	0	0	0	0	0	0	"eI	d	r\	"eI	4	afraid	43.487968	47.057121	43.104298	47.057121	provoked-72	None	-2	0	None
15.938749	15.968749	--undefined--	--undefined--	--undefined--	52.965363	52.501648	53.259811	15.938749	15.968749	52.887177	52.501648	53.212818	53.259811	53.259811	0	0	0	0	0	0	d	"aI	"eI	"aI	5	afraid	43.487968	47.057121	43.789062	43.789062	provoked-72	None	-1	0	None
15.968749	16.038750	--undefined--	--undefined--	--undefined--	53.447269	50.885853	55.086369	15.968749	16.038750	53.259811	55.086369	54.892345	52.122917	50.885853	0	0	0	0	0	0	"aI	w	d	"aI	1	i	41.464169	44.197350	41.464169	44.197350	provoked-72	None	-1	0	None
16.038750	16.128750	--undefined--	--undefined--	--undefined--	51.972908	50.885853	53.281498	16.038750	16.128750	50.885853	53.024315	52.980408	51.214771	51.200848	0	0	0	0	0	0	w	"U	"aI	"U	1	wouldn't	39.249237	45.230785	38.790970	45.230785	provoked-72	None	-6	0	None
16.128750	16.168751	--undefined--	--undefined--	--undefined--	52.322643	51.200848	53.455944	16.128750	16.168751	51.200848	52.518295	52.041252	52.396885	53.455944	0	0	0	0	0	0	"U	d	w	"U	2	wouldn't	39.249237	45.230785	39.670349	41.686745	provoked-72	None	-5	0	None
16.168751	16.198750	--undefined--	--undefined--	--undefined--	51.943584	50.138264	53.455944	16.168751	16.198750	53.455944	50.138264	52.817856	51.362270	51.362270	0	0	0	0	0	0	d	V	"U	V	3	wouldn't	39.249237	45.230785	43.368389	44.982475	provoked-72	None	-4	0	None
16.198750	16.228748	--undefined--	--undefined--	--undefined--	49.312248	48.260612	51.362270	16.198750	16.228748	51.362270	48.541531	48.260612	49.084579	49.084579	0	0	0	0	0	0	V	n	d	V	4	wouldn't	39.249237	45.230785	36.184456	36.184456	provoked-72	None	-3	0	None
16.228748	16.318748	515.631409	515.631409	515.631409	50.170910	48.009842	51.323830	16.228748	16.318748	49.084579	50.309128	51.071621	50.280754	48.009842	0	0	0	0	0	0	n	t	V	"i	5	wouldn't	39.249237	45.230785	37.104370	40.964539	provoked-72	None	-2	0	None
16.318748	16.348749	--undefined--	--undefined--	--undefined--	50.283356	48.009842	52.615227	16.318748	16.348749	48.009842	50.580048	49.928291	52.615227	52.615227	0	0	0	0	0	0	t	l	n	"i	6	wouldn't	39.249237	45.230785	41.219315	43.489197	provoked-72	None	-1	0	None
16.348749	16.388748	--undefined--	--undefined--	--undefined--	53.277794	51.673103	55.003883	16.348749	16.388748	52.615227	52.906059	51.673103	54.190704	55.003883	0	0	0	0	0	0	l	"i	t	"i	1	leave	40.442158	46.866951	33.900169	38.949429	provoked-72	None	-3	0	None
16.388748	16.658749	593.963074	593.963074	593.963074	51.169109	46.333717	55.546814	16.388748	16.658749	55.003883	52.494217	52.745293	46.333717	47.462982	0	0	0	0	0	0	"i	v	l	"i	2	leave	40.442158	46.866951	40.563023	46.866951	provoked-72	None	-2	0	None
16.658749	16.708750	--undefined--	--undefined--	--undefined--	46.506535	40.839073	48.724613	16.658749	16.708750	47.462982	47.163906	48.080727	40.839073	48.724613	0	0	0	0	0	0	v	spn	"i	"A	3	leave	40.442158	46.866951	40.453819	45.120628	provoked-72	None	-1	0	None
16.708750	19.630123	457.512115	290.568970	695.522888	46.044884	34.270901	56.099174	16.708750	19.630123	48.724613	48.422085	48.097683	47.978558	43.818592	0	0	0	0	0	0	spn	k	v	"A	1	XXNONVERBALXX	40.558666	48.851582	40.558666	48.851582	provoked-72	None	-1	0	None
19.630123	19.720123	510.689178	510.689178	510.689178	49.260082	43.818592	54.609524	19.630123	19.720123	43.818592	45.795216	49.219822	52.457500	54.609524	0	0	0	0	0	0	k	"A	spn	"A	1	cause	41.747395	46.592583	42.960777	46.592583	provoked-72	None	-3	0	None
19.720123	19.750122	--undefined--	--undefined--	--undefined--	53.947460	49.507580	56.674065	19.720123	19.750122	54.609524	54.609524	56.674065	54.998665	49.507580	0	0	0	0	0	0	"A	z	k	"A	2	cause	41.747395	46.592583	40.244823	40.782570	provoked-72	None	-2	0	None
19.750122	19.830124	--undefined--	--undefined--	--undefined--	50.599133	48.790470	53.691437	19.750122	19.830124	49.507580	52.414688	51.768093	49.729645	48.816372	0	0	0	0	0	0	z	h	"A	"{	3	cause	41.747395	46.592583	39.725082	43.186226	provoked-72	None	-1	0	None
19.830124	19.890125	340.175537	340.175537	340.175537	51.917416	48.816372	54.843239	19.830124	19.890125	48.816372	50.631462	53.635147	54.843239	52.292076	0	0	0	0	0	0	h	"{	z	"{	1	hamnet	39.229599	43.775673	39.057106	41.640209	provoked-72	None	-6	0	None
19.890125	19.950123	--undefined--	--undefined--	--undefined--	52.154598	50.521233	53.263008	19.890125	19.950123	52.292076	53.263008	50.521233	52.594673	52.157288	0	0	0	0	0	0	"{	m	h	"{	2	hamnet	39.229599	43.775673	39.332005	42.633972	provoked-72	None	-5	0	None
19.950123	19.990124	--undefined--	--undefined--	--undefined--	52.396820	52.000961	53.200611	19.950123	19.990124	52.157288	53.200611	52.000961	52.257351	52.367893	0	0	0	0	0	0	m	n	"{	%E	3	hamnet	39.229599	43.775673	40.587765	43.775673	provoked-72	None	-4	0	None
19.990124	20.070122	--undefined--	--undefined--	--undefined--	51.049988	49.969860	52.367893	19.990124	20.070122	52.367893	51.602383	50.798424	50.557980	50.788681	0	0	0	0	0	0	n	%E	m	%E	4	hamnet	39.229599	43.775673	39.654797	43.775673	provoked-72	None	-3	0	None
20.070122	20.130123	--undefined--	--undefined--	--undefined--	48.056461	45.969482	50.788681	20.070122	20.130123	50.788681	48.599609	48.697285	46.549690	45.969482	0	0	0	0	0	0	%E	t	n	%E	5	hamnet	39.229599	43.775673	41.523064	43.299370	provoked-72	None	-2	0	None
20.130123	20.220123	--undefined--	--undefined--	--undefined--	44.664276	38.096611	47.575844	20.130123	20.220123	45.969482	47.575844	46.156380	45.950298	42.504253	0	0	0	0	0	0	t	d	%E	"aI	6	hamnet	39.229599	43.775673	39.424755	43.299370	provoked-72	None	-1	0	None
20.220123	20.290123	413.673523	313.529572	513.817505	51.558212	42.504253	54.999699	20.220123	20.290123	42.504253	53.962269	49.340691	53.066181	53.392288	0	0	0	0	0	0	d	"aI	t	"aI	1	died	40.921448	45.790337	39.947929	45.790337	sad-86	None	-3	0	None
20.290123	20.430122	409.464111	409.464111	409.464111	50.960159	47.754711	53.392288	20.290123	20.430122	53.392288	51.550308	51.997990	51.465458	47.754711	0	0	0	0	0	0	"aI	d	d	"aI	2	died	40.921448	45.790337	41.206734	44.976524	sad-86	None	-2	0	None
20.430122	20.480122	--undefined--	--undefined--	--undefined--	49.011417	47.101192	50.745705	20.430122	20.480122	47.754711	47.101192	50.745705	48.437935	50.554871	0	0	0	0	0	0	d	h	"aI	"i	3	died	40.921448	45.790337	43.134914	44.976524	sad-86	None	-1	0	None
20.480122	20.530125	--undefined--	--undefined--	--undefined--	47.505890	43.475384	51.016518	20.480122	20.530125	50.554871	43.475384	44.248077	47.389236	51.016518	0	0	0	0	0	0	h	"i	d	"i	1	here	38.014233	44.715485	30.832146	35.147861	sad-86	None	-3	0	None
20.530125	20.680122	458.256012	458.256012	458.256012	49.617161	46.480011	53.025856	20.530125	20.680122	51.016518	49.565239	46.480011	53.025856	49.996140	0	0	0	0	0	0	"i	r\	h	"i	2	here	38.014233	44.715485	41.344730	44.715485	sad-86	None	-2	0	None
20.680122	20.710121	--undefined--	--undefined--	--undefined--	50.608498	49.996140	51.489086	20.680122	20.710121	49.996140	49.996140	50.702942	51.489086	50.245819	0	0	0	0	0	0	r\	I	"i	I	3	here	38.014233	44.715485	39.425953	44.016613	sad-86	None	-1	0	None
20.710121	20.840122	--undefined--	--undefined--	--undefined--	50.655426	49.603481	52.022697	20.710121	20.840122	50.245819	51.609455	50.896229	49.603481	51.550774	0	0	0	0	0	0	I	n	r\	I	1	in	38.372524	43.849674	38.882980	43.849674	sad-86	None	-2	0	None
20.840122	20.880123	--undefined--	--undefined--	--undefined--	48.315441	46.963692	51.550774	20.840122	20.880123	51.550774	48.542881	47.208038	47.311813	46.963692	0	0	0	0	0	0	n	D	I	I	2	in	38.372524	43.849674	34.288879	34.288879	sad-86	None	-1	0	None
20.880123	20.910122	--undefined--	--undefined--	--undefined--	48.993332	46.963692	50.557838	20.880123	20.910122	46.963692	46.963692	49.864540	48.587261	50.557838	0	0	0	0	0	0	D	I	n	I	1	this	38.685638	44.759869	43.175739	43.175739	sad-86	None	-3	0	None
20.910122	21.010124	368.940979	368.940979	368.940979	47.018368	41.396236	51.505219	20.910122	21.010124	50.557838	48.396168	46.547626	47.561802	46.811371	0	0	0	0	0	0	I	s	D	I	2	this	38.685638	44.759869	38.978786	44.759869	sad-86	None	-2	0	None
21.010124	21.110123	371.690094	371.690094	371.690094	48.640018	46.126858	50.655296	21.010124	21.110123	46.811371	50.280136	50.655296	47.687725	46.126858	0	0	0	0	0	0	s	h	I	"aU	3	this	38.685638	44.759869	37.741863	44.737183	sad-86	None	-1	0	None
21.110123	21.160122	410.121918	340.995056	517.680542	46.500805	41.596951	52.915565	21.110123	21.160122	46.126858	42.317051	41.596951	45.100510	52.915565	0	0	0	0	0	0	h	"aU	s	"aU	1	house	40.460648	43.530212	37.877850	39.553219	sad-86	None	-3	0	None
21.160122	21.350124	462.606995	409.178162	516.035828	46.856270	39.666218	52.915565	21.160122	21.350124	52.915565	48.871605	46.784817	45.441624	42.151432	0	0	0	0	0	0	"aU	s	h	"aU	2	house	40.460648	43.530212	41.259827	43.530212	sad-86	None	-2	0	None
21.350124	21.500122	514.079224	513.888733	514.269714	45.555882	40.283009	49.332806	21.350124	21.500122	42.151432	48.406990	48.634438	44.620209	44.750679	0	0	0	0	0	0	s	spn	"aU	V	3	house	40.460648	43.530212	40.630028	43.355145	sad-86	None	-1	0	None
21.500122	22.331999	505.081177	340.471344	702.168457	44.515369	36.073746	51.206108	21.500122	22.331999	44.750679	44.571213	49.024044	45.781231	48.799267	0	0	0	0	0	0	spn	V	s	V	1	XXNONVERBALXX	39.781544	46.243301	39.781544	46.243301	sad-86	None	-1	0	None
22.331999	22.361998	--undefined--	--undefined--	--undefined--	32.823559	2.457325	48.799267	22.331999	22.361998	48.799267	48.799267	46.114384	33.923264	2.457325	0	0	0	0	0	0	V	sil	spn	V	1	a	35.440300	38.440670	35.440300	38.440670	sad-86	None	-1	0	None
22.361998	58.899998	--undefined--	--undefined--	--undefined--	-299.672455	-300.000000	36.170837	22.361998	58.899998	2.457325	-300.000000	-300.000000	-300.000000	36.170837	0	0	0	0	0	0	sil	spn	V	"I	1	.	27.566154	27.566154	27.566154	27.566154	sad-86	None	-1	0	None
58.899998	59.295311	514.931946	513.918762	516.263000	48.360645	31.270214	57.821434	58.899998	59.295311	36.170837	50.439629	48.759377	49.252441	54.243107	0	0	0	0	0	0	spn	j	sil	"I	1	XXNONVERBALXX	43.071537	48.213863	43.071537	48.213863	sad-86	None	-1	0	None
59.295311	59.365311	--undefined--	--undefined--	--undefined--	57.005577	51.044594	62.455070	59.295311	59.365311	54.243107	53.189224	58.660812	62.455070	60.710300	0	0	0	0	0	0	j	"I	spn	"I	1	year	41.363274	46.726627	42.448082	46.726627	sad-86	None	-3	0	None
59.365311	59.505310	--undefined--	--undefined--	--undefined--	62.308731	59.616833	63.851433	59.365311	59.505310	60.710300	62.441734	62.295246	63.495106	59.616833	0	0	0	0	0	0	"I	r\	j	"I	2	year	41.363274	46.726627	42.469749	46.726627	sad-86	None	-2	0	None
59.505310	59.545311	--undefined--	--undefined--	--undefined--	57.359016	55.383831	59.616833	59.505310	59.545311	59.616833	57.085682	55.383831	56.850761	57.857971	0	0	0	0	0	0	r\	I	"I	I	3	year	41.363274	46.726627	39.122860	40.308990	sad-86	None	-1	0	None
59.545311	59.605309	--undefined--	--undefined--	--undefined--	57.398682	55.482246	59.324577	59.545311	59.605309	57.857971	58.714275	59.324577	56.299229	55.482246	0	0	0	0	0	0	I	z	r\	I	1	is	38.640667	47.480644	38.974930	42.193268	sad-86	None	-2	0	None
59.605309	59.665314	--undefined--	--undefined--	--undefined--	55.590401	52.142754	59.646435	59.605309	59.665314	55.482246	56.068302	54.441322	55.073044	59.646435	0	0	0	0	0	0	z	n	I	"V	2	is	38.640667	47.480644	39.361679	47.480644	sad-86	None	-1	0	None
59.665314	59.735313	--undefined--	--undefined--	--undefined--	58.200871	56.807472	59.753338	59.665314	59.735313	59.646435	57.697071	57.719795	57.940262	58.317421	0	0	0	0	0	0	n	"V	z	"V	1	nothing	40.117008	47.480644	38.589134	47.480644	sad-86	None	-5	0	None
59.735313	59.875313	--undefined--	--undefined--	--undefined--	53.136265	48.467316	58.731735	59.735313	59.875313	58.317421	53.166447	54.007538	48.467316	50.365963	0	0	0	0	0	0	"V	T	n	"V	2	nothing	40.117008	47.480644	40.204552	47.328705	sad-86	None	-4	0	None
59.875313	59.995316	516.709534	516.709534	516.709534	49.457886	45.916752	52.821751	59.875313	59.995316	50.365963	50.749893	51.468983	46.474804	47.344620	0	0	0	0	0	0	T	I	"V	I	3	nothing	40.117008	47.480644	41.141644	44.984478	sad-86	None	-3	0	None
59.995316	60.085312	516.158142	516.057983	516.258301	49.392368	45.511520	52.691265	59.995316	60.085312	47.344620	52.434727	49.499619	45.511520	51.193199	0	0	0	0	0	0	I	N	T	I	4	nothing	40.117008	47.480644	41.434582	45.754242	sad-86	None	-2	0	None
60.085312	60.215309	--undefined--	--undefined--	--undefined--	48.549458	40.786758	53.830620	60.085312	60.215309	51.193199	46.486794	47.610661	47.523773	52.142941	0	0	0	0	0	0	N	spn	I	I	5	nothing	40.117008	47.480644	39.804222	46.636505	sad-86	None	-1	0	None
60.215309	65.445312	481.360657	290.371613	705.256775	47.737133	35.120598	62.209717	60.215309	65.445312	52.142941	49.743687	49.417912	50.501537	44.678429	0	0	0	0	0	0	spn	I	N	I	1	XXNONVERBALXX	41.794037	50.865940	41.794037	50.865940	sad-86	None	-1	0	None
65.445312	66.005310	475.227539	340.310486	568.606445	57.382553	43.069710	65.809258	65.445312	66.005310	44.678429	65.809258	53.216801	56.500961	50.454807	0	0	0	0	0	0	I	t	spn	I	1	it's	38.370674	45.086155	38.008305	43.343170	sad-86	None	-3	0	None
66.005310	66.085312	381.858734	290.475983	514.789612	52.454361	49.902248	55.623508	66.005310	66.085312	50.454807	49.902248	54.689949	55.623508	52.087093	0	0	0	0	0	0	t	s	I	"E	2	it's	38.370674	45.086155	38.364326	43.096985	sad-86	None	-2	0	None
66.085312	66.165314	--undefined--	--undefined--	--undefined--	47.423233	43.617935	52.806477	66.085312	66.165314	52.087093	50.808006	46.081696	44.000587	45.087349	0	0	0	0	0	0	s	"E	t	"E	3	it's	38.370674	45.086155	42.078079	45.086155	sad-86	None	-1	0	None
66.165314	66.325310	513.894470	513.894470	513.894470	51.281677	38.957874	58.353466	66.165314	66.325310	45.087349	56.616253	56.411533	48.511238	38.957874	0	0	0	0	0	0	"E	v	s	"E	1	every	36.985466	43.261871	38.340015	43.019058	sad-86	None	-5	0	None
66.325310	66.405312	--undefined--	--undefined--	--undefined--	44.093182	38.767342	50.398563	66.325310	66.405312	38.957874	39.382385	46.688095	50.398563	44.289955	0	0	0	0	0	0	v	E	"E	E	2	every	36.985466	43.261871	37.737766	42.432388	sad-86	None	-4	0	None
66.405312	66.565315	533.629150	371.373840	695.884399	55.522926	44.289955	59.432941	66.405312	66.565315	44.289955	59.432941	53.010452	57.220287	57.283554	0	0	0	0	0	0	E	r\	v	E	3	every	36.985466	43.261871	35.211128	41.663086	sad-86	None	-3	0	None
66.565315	66.595314	--undefined--	--undefined--	--undefined--	55.903477	54.361881	57.283554	66.565315	66.595314	57.283554	55.267700	54.361881	54.361881	56.700779	0	0	0	0	0	0	r\	i	E	i	4	every	36.985466	43.261871	27.357687	28.137745	sad-86	None	-2	0	None
66.595314	66.655312	--undefined--	--undefined--	--undefined--	54.762016	50.399979	58.878426	66.595314	66.655312	56.700779	58.878426	56.161484	52.124069	50.399979	0	0	0	0	0	0	i	s	r\	i	5	every	36.985466	43.261871	39.822803	43.261871	sad-86	None	-1	0	None
66.655312	66.845314	391.260010	372.146851	410.373169	49.408012	44.190712	52.405582	66.655312	66.845314	50.399979	51.092041	48.498360	48.290825	46.273926	0	0	0	0	0	0	s	"E	i	"E	1	second	37.885418	46.050591	34.871849	43.261871	sad-92	None	-6	0	None
66.845314	66.975311	421.305573	340.434937	515.252930	50.246029	46.273926	54.952026	66.845314	66.975311	46.273926	52.564922	51.341812	47.189529	46.950882	0	0	0	0	0	0	"E	k	s	"E	2	second	37.885418	46.050591	38.268749	40.656887	sad-92	None	-5	0	None
66.975311	67.085312	--undefined--	--undefined--	--undefined--	45.215939	40.244186	50.787491	66.975311	67.085312	46.950882	44.865814	45.369873	45.982430	50.787491	0	0	0	0	0	0	k	V	"E	V	3	second	37.885418	46.050591	40.299641	42.336617	sad-92	None	-4	0	None
67.085312	67.185310	--undefined--	--undefined--	--undefined--	47.470554	41.434364	50.787491	67.085312	67.185310	50.787491	49.774479	44.728844	47.637997	44.339108	0	0	0	0	0	0	V	n	k	V	4	second	37.885418	46.050591	37.297871	43.002583	sad-92	None	-3	0	None
67.185310	67.225311	--undefined--	--undefined--	--undefined--	47.594933	44.339108	49.980324	67.185310	67.225311	44.339108	49.980324	49.391140	48.519100	45.744995	0	0	0	0	0	0	n	d	V	"E	5	second	37.885418	46.050591	39.899048	42.119324	sad-92	None	-2	0	None
67.225311	67.365311	702.068665	702.068665	702.068665	44.743069	38.788002	53.520699	67.225311	67.365311	45.744995	38.788002	47.761822	40.034985	43.155502	0	0	0	0	0	0	d	spn	n	"E	6	second	37.885418	46.050591	38.952297	46.050591	sad-92	None	-1	0	None
67.365311	69.395309	462.115082	313.373383	693.924011	48.569614	37.610184	60.362411	67.365311	69.395309	43.155502	55.419430	54.752136	50.548119	44.240002	0	0	0	0	0	0	spn	"E	d	"E	1	XXNONVERBALXX	41.523415	51.281761	41.523415	51.281761	sad-92	None	-1	0	None
69.395309	69.475311	--undefined--	--undefined--	--undefined--	56.779587	44.240002	63.836819	69.395309	69.475311	44.240002	52.994316	62.487259	63.787529	60.168896	0	0	0	0	0	0	"E	v	spn	"E	1	every	42.751858	47.697380	42.864613	45.177376	sad-92	None	-4	0	None
69.475311	69.535309	--undefined--	--undefined--	--undefined--	56.182800	52.788559	60.168896	69.475311	69.535309	60.168896	56.657700	56.165066	54.845486	52.788559	0	0	0	0	0	0	v	r\	"E	i	2	every	42.751858	47.697380	43.916317	45.157295	sad-92	None	-3	0	None
69.535309	69.575310	--undefined--	--undefined--	--undefined--	55.681824	52.788559	58.248451	69.535309	69.575310	52.788559	54.347946	56.004101	57.020073	58.248451	0	0	0	0	0	0	r\	i	v	i	3	every	42.751858	47.697380	43.683399	44.960258	sad-92	None	-2	0	None
69.575310	69.635315	--undefined--	--undefined--	--undefined--	57.624470	55.846512	58.626461	69.575310	69.635315	58.248451	56.428391	55.846512	57.628471	58.224358	0	0	0	0	0	0	i	m	r\	i	4	every	42.751858	47.697380	41.647400	47.697380	sad-92	None	-1	0	None
69.635315	69.735313	--undefined--	--undefined--	--undefined--	57.428879	54.446739	62.012962	69.635315	69.735313	58.224358	57.916546	55.855995	54.446739	62.012962	0	0	0	0	0	0	m	"I	i	"I	1	minute	42.266903	48.408539	40.497875	47.697380	sad-92	None	-5	0	None
69.735313	69.805313	--undefined--	--undefined--	--undefined--	59.977383	56.407166	62.236973	69.735313	69.805313	62.012962	60.934330	60.239277	59.945621	57.662384	0	0	0	0	0	0	"I	n	m	"I	2	minute	42.266903	48.408539	44.370831	47.920090	sad-92	None	-4	0	None
69.805313	69.855309	--undefined--	--undefined--	--undefined--	57.557423	56.655685	58.050674	69.805313	69.855309	57.662384	57.792202	56.655685	57.980579	58.050674	0	0	0	0	0	0	n	V	"I	V	3	minute	42.266903	48.408539	45.277050	47.920090	sad-92	None	-3	0	None
69.855309	69.905312	--undefined--	--undefined--	--undefined--	54.647186	52.376961	58.050674	69.855309	69.905312	58.050674	55.339912	52.376961	54.435493	54.990662	0	0	0	0	0	0	V	t	n	V	4	minute	42.266903	48.408539	43.361748	44.260384	sad-92	None	-2	0	None
69.905312	69.965309	--undefined--	--undefined--	--undefined--	53.454624	47.332481	57.207188	69.905312	69.965309	54.990662	56.795609	53.166481	51.475952	57.207188	0	0	0	0	0	0	t	"E	V	"E	5	minute	42.266903	48.408539	42.343979	48.408539	sad-92	None	-1	0	None
69.965309	70.065315	516.011475	516.011475	516.011475	56.049133	54.582096	57.207188	69.965309	70.065315	57.207188	54.603493	54.833855	56.695766	57.064781	0	0	0	0	0	0	"E	v	t	"E	1	every	42.174339	48.408539	43.313339	48.408539	sad-92	None	-4	0	None
70.065315	70.135315	--undefined--	--undefined--	--undefined--	55.763058	54.409557	57.064781	70.065315	70.135315	57.064781	55.169861	55.025711	55.969166	56.527687	0	0	0	0	0	0	v	r\	"E	i	2	every	42.174339	48.408539	41.493992	47.068768	sad-92	None	-3	0	None
70.135315	70.185310	--undefined--	--undefined--	--undefined--	53.478741	51.671062	56.527687	70.135315	70.185310	56.527687	53.928200	51.671062	53.252251	52.739334	0	0	0	0	0	0	r\	i	v	i	3	every	42.174339	48.408539	45.668777	45.860146	sad-92	None	-2	0	None
70.185310	70.235313	--undefined--	--undefined--	--undefined--	51.358124	47.785858	53.924847	70.185310	70.235313	52.739334	53.924847	47.785858	50.517830	50.967464	0	0	0	0	0	0	i	d	r\	i	4	every	42.174339	48.408539	41.402695	42.380867	sad-92	None	-1	0	None
70.235313	70.365311	337.370850	264.242493	410.499176	54.502789	49.895172	59.487843	70.235313	70.365311	50.967464	50.218197	53.185127	59.487843	59.115402	0	0	0	0	0	0	d	"eI	i	"eI	1	day	40.861252	49.392544	42.850502	49.392544	sad-92	None	-2	0	None
70.365311	70.695312	409.165588	409.165588	409.165588	52.062103	42.192989	59.115402	70.365311	70.695312	59.115402	54.006912	53.407272	46.974312	46.635513	0	0	0	0	0	0	"eI	spn	d	"eI	2	day	40.861252	49.392544	39.866631	45.621918	sad-92	None	-1	0	None
70.695312	74.005310	444.299469	290.773010	699.525696	50.034515	36.000946	62.341785	70.695312	74.005310	46.635513	49.785088	52.792824	58.829079	47.357437	0	0	0	0	0	0	spn	w	"eI	"i	1	XXNONVERBALXX	43.071156	51.853889	43.071156	51.853889	sad-92	None	-1	0	None
74.005310	74.065308	--undefined--	--undefined--	--undefined--	53.951057	47.357437	59.430637	74.005310	74.065308	47.357437	53.336605	49.918678	57.967987	59.430637	0	0	0	0	0	0	w	"i	spn	"i	1	we	44.859959	49.665989	43.018761	48.934132	sad-92	None	-2	0	None
74.065308	74.165314	--undefined--	--undefined--	--undefined--	60.738258	58.428768	62.885803	74.065308	74.165314	59.430637	62.885803	61.706421	59.325214	58.654140	0	0	0	0	0	0	"i	m	w	"i	2	we	44.859959	49.665989	46.680019	49.665989	sad-92	None	-1	0	None
74.165314	74.235313	--undefined--	--undefined--	--undefined--	58.941032	58.090229	59.820908	74.165314	74.235313	58.654140	58.270676	59.337563	59.203957	59.820908	0	0	0	0	0	0	m	"eI	"i	"eI	1	may	43.482872	48.544289	44.514996	48.544289	sad-92	None	-2	0	None
74.235313	74.295311	--undefined--	--undefined--	--undefined--	59.046116	58.079170	60.528774	74.235313	74.295311	59.820908	59.139523	58.385681	58.079170	58.624458	0	0	0	0	0	0	"eI	n	m	"eI	2	may	43.482872	48.544289	42.708778	45.899277	sad-92	None	-1	0	None
74.295311	74.345314	--undefined--	--undefined--	--undefined--	58.277618	56.488342	59.962807	74.295311	74.345314	58.624458	56.488342	57.333721	59.768196	59.962807	0	0	0	0	0	0	n	"E	"eI	"E	1	never	40.922882	47.204494	40.921135	43.329948	sad-92	None	-4	0	None
74.345314	74.415314	--undefined--	--undefined--	--undefined--	58.960003	57.223145	59.962807	74.345314	74.415314	59.962807	59.005775	59.719448	58.730091	57.223145	0	0	0	0	0	0	"E	v	n	"E	2	never	40.922882	47.204494	41.820919	47.204494	sad-92	None	-3	0	None
74.415314	74.475311	--undefined--	--undefined--	--undefined--	56.018757	54.104057	57.223145	74.415314	74.475311	57.223145	54.104057	55.616623	57.128151	56.763397	0	0	0	0	0	0	v	3`	"E	3`	3	never	40.922882	47.204494	38.047256	40.251213	sad-92	None	-2	0	None
74.475311	74.545311	--undefined--	--undefined--	--undefined--	55.546036	53.979679	56.763397	74.475311	74.545311	56.763397	56.686024	53.979679	55.007164	54.088799	0	0	0	0	0	0	3`	s	v	3`	4	never	40.922882	47.204494	42.375393	45.466248	sad-92	None	-1	0	None
74.545311	74.625313	313.341522	313.341522	313.341522	50.960403	45.213493	55.514160	74.545311	74.625313	54.088799	52.934017	52.530876	47.960350	45.213493	0	0	0	0	0	0	s	t	3`	"A	1	stop	41.473270	47.416695	41.788292	45.126289	sad-92	None	-4	0	None
74.625313	74.695312	361.358185	313.341522	409.374847	56.467316	44.368126	66.323647	74.625313	74.695312	45.213493	51.027866	58.832062	63.959435	66.323647	0	0	0	0	0	0	t	"A	s	"A	2	stop	41.473270	47.416695	42.712738	47.111248	sad-92	None	-3	0	None
74.695312	74.775314	290.455994	290.455994	290.455994	60.925903	53.530960	66.323647	74.695312	74.775314	66.323647	63.905521	62.055725	57.317356	53.530960	0	0	0	0	0	0	"A	p	t	"A	3	stop	41.473270	47.416695	39.837463	47.416695	sad-92	None	-2	0	None
74.775314	74.805313	340.479858	340.479858	340.479858	52.059223	50.004925	53.530960	74.775314	74.805313	53.530960	50.004925	51.656700	51.656700	53.044296	0	0	0	0	0	0	p	l	"A	"U	4	stop	41.473270	47.416695	44.371735	46.069328	sad-92	None	-1	0	None
74.805313	74.855309	340.479858	340.479858	340.479858	53.660767	50.704975	55.621086	74.805313	74.855309	53.044296	50.704975	53.945023	55.621086	55.045746	0	0	0	0	0	0	l	"U	p	"U	1	looking	40.528130	46.198597	39.647617	43.736515	sad-92	None	-5	0	None
74.855309	74.925308	--undefined--	--undefined--	--undefined--	54.801876	52.441826	56.807976	74.855309	74.925308	55.045746	55.554752	55.385975	54.159466	54.192574	0	0	0	0	0	0	"U	k	l	"U	2	looking	40.528130	46.198597	41.294659	44.123745	sad-92	None	-4	0	None
74.925308	75.025314	409.296631	409.296631	409.296631	50.988712	44.839729	57.777443	74.925308	75.025314	54.192574	52.542313	49.819103	49.985752	57.777443	0	0	0	0	0	0	k	I	"U	I	3	looking	40.528130	46.198597	40.553001	46.198597	sad-92	None	-3	0	None
75.025314	75.065315	--undefined--	--undefined--	--undefined--	58.494896	57.777443	59.152275	75.025314	75.065315	57.777443	59.152275	58.451508	58.490570	58.602676	0	0	0	0	0	0	I	N	k	I	4	looking	40.528130	46.198597	43.049202	45.464287	sad-92	None	-2	0	None
75.065315	75.155312	--undefined--	--undefined--	--undefined--	55.707253	46.633183	58.827320	75.065315	75.155312	58.602676	57.802750	57.200207	54.928223	46.633183	0	0	0	0	0	0	N	f	I	3`	5	looking	40.528130	46.198597	38.959305	42.407883	sad-92	None	-1	0	None
75.155312	75.275314	467.876923	408.763367	526.990479	46.866497	43.199074	54.130112	75.155312	75.275314	46.633183	46.205643	43.199074	43.660542	54.130112	0	0	0	0	0	0	f	r\	N	3`	1	for	40.781479	45.131882	41.466866	45.131882	sad-92	None	-3	0	None
75.275314	75.305313	--undefined--	--undefined--	--undefined--	55.923737	54.130112	57.508717	75.275314	75.305313	54.130112	56.011578	57.508717	57.508717	56.044533	0	0	0	0	0	0	r\	3`	f	3`	2	for	40.781479	45.131882	39.775009	39.775009	sad-92	None	-2	0	None
75.305313	75.535316	635.895752	590.898926	680.892517	52.895630	43.602631	57.467491	75.305313	75.535316	56.044533	56.322750	51.689941	52.449272	47.750237	0	0	0	0	0	0	3`	spn	r\	3`	3	for	40.781479	45.131882	40.438778	44.555931	sad-92	None	-1	0	None
75.535316	77.989998	494.656097	340.492645	691.389832	48.960041	37.910572	66.648071	75.535316	77.989998	47.750237	45.828419	48.826412	49.471859	42.427612	0	0	0	0	0	0	spn	sil	3`	"I	1	XXNONVERBALXX	41.646294	52.874313	41.646294	52.874313	sad-92	None	-1	0	None
77.989998	85.035934	--undefined--	--undefined--	--undefined--	-298.711182	-300.000000	42.427612	77.989998	85.035934	42.427612	-300.000000	-300.000000	-300.000000	-300.000000	0	0	0	0	0	0	sil	h	spn	"I	1	.	--undefined--	--undefined--	--undefined--	--undefined--	sad-92	None	-1	0	None
85.035934	85.125938	--undefined--	--undefined--	--undefined--	-21.974529	-300.000000	56.182121	85.035934	85.125938	-300.000000	19.806965	51.620617	54.336258	56.182121	0	0	0	0	0	0	h	"I	sil	"I	1	him	35.873089	41.935482	36.786209	40.723862	sad-92	None	-3	0	None
85.125938	85.175941	410.301758	410.301758	410.301758	54.793011	51.403938	56.182121	85.125938	85.175941	56.182121	56.010895	55.895126	53.606564	51.403938	0	0	0	0	0	0	"I	m	h	"I	2	him	35.873089	41.935482	31.814276	41.281300	sad-92	None	-2	0	None
85.175941	85.205940	--undefined--	--undefined--	--undefined--	51.802200	51.156593	52.744972	85.175941	85.205940	51.403938	51.156593	51.903286	51.903286	52.744972	0	0	0	0	0	0	m	f	"I	"O	3	him	35.873089	41.935482	41.125896	41.935482	sad-92	None	-1	0	None
85.205940	85.235939	340.587433	340.587433	340.587433	57.169415	52.744972	61.836349	85.205940	85.235939	52.744972	54.999775	59.096561	59.096561	61.836349	0	0	0	0	0	0	f	"O	m	"O	1	for	39.189724	43.454994	34.463348	41.935482	sad-92	None	-2	0	None
85.235939	85.455940	495.753723	409.705139	518.803467	59.618298	49.930069	63.001610	85.235939	85.455940	61.836349	60.985275	61.519302	60.116409	49.930069	0	0	0	0	0	0	"O	w	f	"O	2	for	39.189724	43.454994	40.240028	43.454994	sad-92	None	-1	0	None
85.455940	85.485939	--undefined--	--undefined--	--undefined--	49.033005	46.412689	50.390999	85.455940	85.485939	49.930069	49.398251	46.412689	46.412689	50.390999	0	0	0	0	0	0	w	"V	"O	"V	1	what	34.469696	43.534958	37.118843	37.641747	sad-92	None	-3	0	None
85.485939	85.515938	408.698578	408.698578	408.698578	45.695801	36.806862	50.390999	85.485939	85.515938	50.390999	48.375797	47.209530	47.209530	36.806862	0	0	0	0	0	0	"V	t	w	"V	2	what	34.469696	43.534958	39.866482	43.534958	sad-92	None	-2	0	None
85.515938	85.545937	--undefined--	--undefined--	--undefined--	-73.837326	-300.000000	36.806862	85.515938	85.545937	36.806862	14.128718	-46.284889	-46.284889	-300.000000	0	0	0	0	0	0	t	sil	"V	"u	3	what	34.469696	43.534958	27.287914	38.422741	sad-92	None	-1	0	None
85.545937	86.370872	--undefined--	--undefined--	--undefined--	-296.173248	-300.000000	21.448004	85.545937	86.370872	-300.000000	-300.000000	-300.000000	-300.000000	21.448004	0	0	0	0	0	0	sil	j	t	"u	1	.	31.634140	31.634140	31.634140	31.634140	sad-92	None	-1	0	None
86.370872	86.450882	--undefined--	--undefined--	--undefined--	49.886669	21.448004	60.721130	86.370872	86.450882	21.448004	49.336037	54.038910	58.395813	60.431984	0	0	0	0	0	0	j	"u	sil	"u	1	you're	39.962963	48.152691	41.703693	48.152691	sad-92	None	-3	0	None
86.450882	86.520874	238.956467	238.956467	238.956467	57.453907	50.881042	60.431984	86.450882	86.520874	60.431984	59.601284	58.498581	55.547417	50.881042	0	0	0	0	0	0	"u	r\	j	"u	2	you're	39.962963	48.152691	39.412167	46.205376	sad-92	None	-2	0	None
86.520874	86.560875	406.803223	406.803223	406.803223	49.517815	46.575371	51.852654	86.520874	86.560875	50.881042	46.575371	46.942116	51.337887	51.852654	0	0	0	0	0	0	r\	k	"u	"O	3	you're	39.962963	48.152691	39.196278	42.422634	sad-92	None	-1	0	None
86.560875	86.720879	410.381927	410.381927	410.381927	51.740082	41.123844	62.380733	86.560875	86.720879	51.852654	54.584064	53.348862	51.751289	62.380733	0	0	0	0	0	0	k	"O	r\	"O	1	caught	41.892143	49.009624	40.374508	49.009624	angered-76	None	-3	0	None
86.720879	86.850876	410.381927	410.381927	410.381927	61.913933	50.511742	66.177063	86.720879	86.850876	62.380733	66.177063	64.899200	61.945728	50.511742	0	0	0	0	0	0	"O	t	k	"O	2	caught	41.892143	49.009624	44.001190	47.483475	angered-76	None	-2	0	None
86.850876	86.900879	485.913391	456.502350	515.324402	49.042171	47.995399	50.511742	86.850876	86.900879	50.511742	49.121712	49.679878	47.995399	48.454224	0	0	0	0	0	0	t	b	"O	"aI	3	caught	41.892143	49.009624	42.394390	44.703388	angered-76	None	-1	0	None
86.900879	86.950874	--undefined--	--undefined--	--undefined--	56.419403	48.454224	60.815262	86.900879	86.950874	48.454224	50.964058	58.930183	59.340836	60.815262	0	0	0	0	0	0	b	"aI	t	"aI	1	by	41.198933	47.168686	38.729809	45.375004	angered-76	None	-2	0	None
86.950874	87.060875	403.568512	403.568512	403.568512	58.968456	57.169617	60.815262	86.950874	87.060875	60.815262	59.418884	57.948013	57.169617	58.094440	0	0	0	0	0	0	"aI	D	b	"aI	2	by	41.198933	47.168686	43.050781	47.168686	angered-76	None	-1	0	None
87.060875	87.100876	--undefined--	--undefined--	--undefined--	59.260193	58.094440	60.330540	87.060875	87.100876	58.094440	60.330540	59.856636	59.276253	58.743095	0	0	0	0	0	0	D	"{	"aI	"{	1	that	42.634129	46.774582	39.555897	43.278233	angered-76	None	-3	0	None
87.100876	87.230881	699.476562	699.476562	699.476562	58.620266	52.433083	63.391266	87.100876	87.230881	58.743095	61.137333	62.929993	55.628258	53.260803	0	0	0	0	0	0	"{	t	D	"{	2	that	42.634129	46.774582	42.154079	46.774582	angered-76	None	-2	0	None
87.230881	87.300880	--undefined--	--undefined--	--undefined--	49.002888	45.927586	53.441658	87.230881	87.300880	53.260803	53.441658	47.276138	47.263931	47.147682	0	0	0	0	0	0	t	p	"{	"eI	3	that	42.634129	46.774582	44.557774	44.942917	angered-76	None	-1	0	None
87.300880	87.360878	409.319244	409.319244	409.319244	52.008698	47.147682	57.136456	87.300880	87.360878	47.147682	52.032055	53.360237	48.878822	53.316807	0	0	0	0	0	0	p	l	t	"eI	1	place	43.770710	49.314529	38.972084	44.903046	angered-76	None	-4	0	None
87.360878	87.400879	--undefined--	--undefined--	--undefined--	53.755943	51.978409	56.436798	87.360878	87.400879	53.316807	52.963604	51.978409	54.084087	56.436798	0	0	0	0	0	0	l	"eI	p	"eI	2	place	43.770710	49.314529	42.918884	43.241123	angered-76	None	-3	0	None
87.400879	87.590874	--undefined--	--undefined--	--undefined--	53.589287	50.975796	56.436798	87.400879	87.590874	56.436798	54.757721	53.472176	50.975796	55.124245	0	0	0	0	0	0	"eI	s	l	"eI	3	place	43.770710	49.314529	45.169571	48.408501	angered-76	None	-2	0	None
87.590874	87.770882	--undefined--	--undefined--	--undefined--	53.496670	50.423740	56.239433	87.590874	87.770882	55.124245	53.049072	52.870239	55.745464	51.414665	0	0	0	0	0	0	s	sil	"eI	"{	4	place	43.770710	49.314529	44.061481	49.314529	angered-76	None	-1	0	None
87.770882	88.240875	--undefined--	--undefined--	--undefined--	-237.215637	-300.000000	55.875355	87.770882	88.240875	51.414665	-300.000000	-300.000000	-300.000000	-300.000000	0	0	0	0	0	0	sil	D	s	"{	1	.	41.751579	46.411076	41.751579	46.411076	angered-76	None	-1	0	None
88.240875	88.350876	--undefined--	--undefined--	--undefined--	21.314819	-300.000000	58.705315	88.240875	88.350876	-300.000000	44.852898	53.820274	55.656075	58.705315	0	0	0	0	0	0	D	"{	sil	"{	1	that	39.264412	47.893871	37.360725	43.291897	angered-76	None	-3	0	None
88.350876	88.420876	--undefined--	--undefined--	--undefined--	55.369431	53.168365	58.705315	88.350876	88.420876	58.705315	57.117424	53.681358	55.948570	53.625847	0	0	0	0	0	0	"{	t	D	"{	2	that	39.264412	47.893871	41.024227	47.893871	angered-76	None	-2	0	None
88.420876	88.470879	371.405762	371.405762	371.405762	49.934124	46.483608	53.701546	88.420876	88.470879	53.625847	53.701546	50.277206	46.735413	48.781109	0	0	0	0	0	0	t	p	"{	"eI	3	that	39.264412	47.893871	42.090553	45.204788	angered-76	None	-1	0	None
88.470879	88.540878	--undefined--	--undefined--	--undefined--	52.902267	48.781109	58.824585	88.470879	88.540878	48.781109	51.722050	53.595181	50.270294	58.824585	0	0	0	0	0	0	p	l	t	"eI	1	place	41.726376	49.137001	44.788082	46.927200	angered-76	None	-4	0	None
88.540878	88.570877	229.708252	229.708252	229.708252	61.660980	58.824585	62.918850	88.540878	88.570877	58.824585	58.824585	62.066956	62.833527	62.918850	0	0	0	0	0	0	l	"eI	p	"eI	2	place	41.726376	49.137001	35.714596	39.527710	angered-76	None	-3	0	None
88.570877	88.680878	--undefined--	--undefined--	--undefined--	60.475742	55.542694	64.026291	88.570877	88.680878	62.918850	63.725452	62.819885	58.024551	56.033730	0	0	0	0	0	0	"eI	s	l	"eI	3	place	41.726376	49.137001	40.443775	49.137001	angered-76	None	-2	0	None
88.680878	88.760880	340.526337	340.526337	340.526337	54.644947	51.769562	56.313206	88.680878	88.760880	56.033730	55.410038	55.099892	53.373878	56.313206	0	0	0	0	0	0	s	I	"eI	I	4	place	41.726376	49.137001	40.366352	46.322563	angered-76	None	-1	0	None
88.760880	88.790878	409.763855	409.763855	409.763855	59.677624	56.313206	61.959461	88.760880	88.790878	56.313206	56.313206	59.406929	61.030907	61.959461	0	0	0	0	0	0	I	n	s	I	1	in	39.925446	46.256172	40.444050	46.256172	angered-76	None	-2	0	None
88.790878	88.820877	409.763855	409.763855	409.763855	60.766998	59.450378	61.959461	88.790878	88.820877	61.959461	61.959461	61.537666	60.120476	59.450378	0	0	0	0	0	0	n	j	I	"O	2	in	39.925446	46.256172	42.312904	46.256172	angered-76	None	-1	0	None
88.820877	88.860878	407.580933	407.580933	407.580933	59.456371	58.352619	60.295433	88.820877	88.860878	59.450378	59.159451	60.295433	60.023975	58.352619	0	0	0	0	0	0	j	"O	n	"O	1	your	44.807056	48.081390	46.000496	46.465363	angered-76	None	-3	0	None
88.860878	88.950874	--undefined--	--undefined--	--undefined--	57.981030	55.604748	59.284775	88.860878	88.950874	58.352619	57.968582	58.679005	59.154572	55.604748	0	0	0	0	0	0	"O	r\	j	"O	2	your	44.807056	48.081390	43.421783	48.081390	angered-76	None	-2	0	None
88.950874	88.980873	--undefined--	--undefined--	--undefined--	56.119228	55.604748	56.849121	88.950874	88.980873	55.604748	55.604748	56.849121	55.793076	56.229969	0	0	0	0	0	0	r\	h	"O	"E	3	your	44.807056	48.081390	45.691521	46.643448	angered-76	None	-1	0	None
88.980873	89.050880	548.637695	409.239227	688.036194	56.977634	53.853344	61.156273	88.980873	89.050880	56.229969	55.996071	55.550762	57.668579	61.156273	0	0	0	0	0	0	h	"E	r\	"E	1	head	44.289539	49.725395	43.559483	47.122734	angered-76	None	-3	0	None
89.050880	89.170876	688.036194	688.036194	688.036194	59.543442	56.617065	61.488804	89.050880	89.170876	61.156273	60.421432	58.528694	56.617065	61.344219	0	0	0	0	0	0	"E	d	h	"E	2	head	44.289539	49.725395	44.366383	49.725395	angered-76	None	-2	0	None
89.170876	89.350876	589.921814	514.261292	665.582336	53.717636	44.716698	61.344219	89.170876	89.350876	61.344219	52.360439	51.518166	55.941547	45.572655	0	0	0	0	0	0	d	spn	"E	I	3	head	44.289539	49.725395	45.079033	49.725395	angered-76	None	-1	0	None
89.350876	89.910881	461.682892	409.599731	513.766052	51.426666	43.373367	59.465569	89.350876	89.910881	45.572655	57.865871	55.431946	52.473446	47.754898	0	0	0	0	0	0	spn	I	d	I	1	XXNONVERBALXX	43.823975	49.435028	43.823975	49.435028	angered-76	None	-1	0	None
89.910881	89.990883	443.619904	406.968384	515.565491	53.251850	47.754898	56.411575	89.910881	89.990883	47.754898	52.490959	53.752533	55.155922	53.684975	0	0	0	0	0	0	I	t	spn	I	1	it	40.368000	44.743301	40.039074	44.743301	angered-76	None	-2	0	None
89.990883	90.020874	515.732544	515.565491	515.899658	53.859558	51.163769	55.339874	89.990883	90.020874	53.684975	53.684975	51.163769	55.249611	55.339874	0	0	0	0	0	0	t	"I	I	"I	2	it	40.368000	44.743301	42.716774	43.091980	angered-76	None	-1	0	None
90.020874	90.050873	515.899658	515.899658	515.899658	56.190994	54.332069	58.729652	90.020874	90.050873	55.339874	55.339874	54.332069	56.362389	58.729652	0	0	0	0	0	0	"I	z	t	"I	1	is	47.303848	48.286549	48.286549	48.286549	angered-76	None	-2	0	None
90.050873	90.080879	--undefined--	--undefined--	--undefined--	59.102768	58.425365	59.965385	90.050873	90.080879	58.729652	58.729652	59.290657	58.425365	59.965385	0	0	0	0	0	0	z	n	"I	"aU	2	is	47.303848	48.286549	47.303848	48.286549	angered-76	None	-1	0	None
90.080879	90.140877	--undefined--	--undefined--	--undefined--	61.272766	59.965385	62.635361	90.080879	90.140877	59.965385	60.283222	61.476398	62.260841	62.635361	0	0	0	0	0	0	n	"aU	z	"aU	1	now	38.662994	43.061844	37.513947	41.363926	angered-76	None	-2	0	None
90.140877	90.220879	--undefined--	--undefined--	--undefined--	61.165230	58.848930	62.635361	90.140877	90.220879	62.635361	61.960945	61.749565	60.887051	58.848930	0	0	0	0	0	0	"aU	m	n	"aU	2	now	38.662994	43.061844	39.429020	43.061844	angered-76	None	-1	0	None
90.220879	90.300880	515.705994	515.705994	515.705994	59.098206	57.649696	60.219975	90.220879	90.300880	58.848930	58.636185	58.023598	60.219975	59.920692	0	0	0	0	0	0	m	"O	"aU	"O	1	more	42.420361	46.290352	41.129379	45.470642	angered-76	None	-2	0	None
90.300880	90.430878	--undefined--	--undefined--	--undefined--	60.918262	58.238300	63.767059	90.300880	90.430878	59.920692	61.283745	63.767059	60.522720	58.238300	0	0	0	0	0	0	"O	r\	m	"O	2	more	42.420361	46.290352	43.281021	46.290352	angered-76	None	-1	0	None
90.430878	90.520874	--undefined--	--undefined--	--undefined--	60.902081	57.693573	65.492188	90.430878	90.520874	58.238300	57.693573	58.183029	63.226048	64.706551	0	0	0	0	0	0	r\	"i	"O	"i	1	real	41.716709	47.864265	41.333218	47.864265	angered-76	None	-3	0	None
90.520874	90.620872	513.373596	513.373596	513.373596	61.961937	58.637081	64.706551	90.520874	90.620872	64.706551	62.363621	63.971668	58.637081	60.512016	0	0	0	0	0	0	"i	l	r\	"i	2	real	41.716709	47.864265	41.694416	44.950542	angered-76	None	-2	0	None
90.620872	90.690880	--undefined--	--undefined--	--undefined--	54.042587	46.906647	60.512016	90.620872	90.690880	60.512016	59.841393	55.907330	47.242874	53.623394	0	0	0	0	0	0	l	t	"i	"u	3	real	41.716709	47.864265	40.735798	44.495529	angered-76	None	-1	0	None
90.690880	90.780876	340.438385	340.438385	340.438385	52.596630	47.444916	55.595814	90.690880	90.780876	53.623394	55.594032	51.025528	54.291309	53.280682	0	0	0	0	0	0	t	"u	l	"u	1	to	41.962982	46.615097	41.714439	46.615097	angered-76	None	-2	0	None
90.780876	90.810875	340.438385	340.438385	340.438385	55.430920	53.280682	57.257542	90.780876	90.810875	53.280682	53.280682	54.782433	56.403030	57.257542	0	0	0	0	0	0	"u	j	t	"u	2	to	41.962982	46.615097	43.205704	43.205704	angered-76	None	-1	0	None
90.810875	90.840874	518.692383	518.692383	518.692383	59.807808	57.257542	61.823009	90.810875	90.840874	57.257542	57.257542	60.210892	61.823009	59.939796	0	0	0	0	0	0	j	"u	"u	"u	1	you	36.332245	43.358505	37.577206	37.577206	angered-76	None	-2	0	None
90.840874	90.880882	404.016571	404.016571	404.016571	53.802105	50.580399	59.939796	90.840874	90.880882	59.939796	55.952667	51.189148	50.580399	51.348530	0	0	0	0	0	0	"u	D	j	"u	2	you	36.332245	43.358505	35.917255	43.358505	angered-76	None	-1	0	None
90.880882	90.920876	406.845703	404.016571	409.674805	54.499928	51.288036	58.169357	90.880882	90.920876	51.348530	51.288036	53.605877	58.169357	58.087822	0	0	0	0	0	0	D	V	"u	V	1	than	40.027325	43.697769	38.630741	43.317291	angered-76	None	-3	0	None
90.920876	90.960876	--undefined--	--undefined--	--undefined--	57.318237	55.183258	58.584824	90.920876	90.960876	58.087822	58.584824	58.474693	56.260582	55.183258	0	0	0	0	0	0	V	n	D	V	2	than	40.027325	43.697769	43.697769	43.697769	angered-76	None	-2	0	None
90.960876	91.020882	--undefined--	--undefined--	--undefined--	53.098469	49.087204	55.452938	90.960876	91.020882	55.183258	55.452938	53.827118	51.067139	49.087204	0	0	0	0	0	0	n	"E	V	"E	3	than	40.027325	43.697769	40.200436	42.719299	angered-76	None	-1	0	None
91.020882	91.100876	--undefined--	--undefined--	--undefined--	54.531521	48.623451	59.048943	91.020882	91.100876	49.087204	51.199795	55.276649	59.048943	58.951260	0	0	0	0	0	0	"E	n	n	"E	1	anywhere	38.566628	45.344597	44.446095	45.344597	angered-76	None	-6	0	None
91.100876	91.130875	--undefined--	--undefined--	--undefined--	58.889046	58.286171	59.333649	91.100876	91.130875	58.951260	58.951260	59.333649	58.985100	58.286171	0	0	0	0	0	0	n	i	"E	i	2	anywhere	38.566628	45.344597	40.586891	44.800419	angered-76	None	-5	0	None
91.130875	91.190880	--undefined--	--undefined--	--undefined--	57.375095	56.441925	58.286171	91.130875	91.190880	58.286171	57.965618	57.489506	57.253777	56.441925	0	0	0	0	0	0	i	w	n	i	3	anywhere	38.566628	45.344597	35.259262	36.373360	angered-76	None	-4	0	None
91.190880	91.250877	548.703613	457.995697	702.791138	59.429485	56.441925	62.019051	91.190880	91.250877	56.441925	57.172142	59.926128	60.538078	62.019051	0	0	0	0	0	0	w	%E	i	%E	4	anywhere	38.566628	45.344597	39.820889	43.884541	angered-76	None	-3	0	None
91.250877	91.320877	328.099701	246.432510	409.766907	62.270069	61.637016	62.996330	91.250877	91.320877	62.019051	61.637016	62.019848	62.996330	62.204624	0	0	0	0	0	0	%E	r\	w	%E	5	anywhere	38.566628	45.344597	37.283031	43.884541	angered-76	None	-2	0	None
91.320877	91.380882	--undefined--	--undefined--	--undefined--	59.899475	58.867325	62.204624	91.320877	91.380882	62.204624	60.391487	59.202496	59.589523	58.867325	0	0	0	0	0	0	r\	"E	%E	"E	6	anywhere	38.566628	45.344597	36.208061	41.346012	angered-76	None	-1	0	None
91.380882	91.440880	691.359314	691.359314	691.359314	57.228859	55.157085	58.867325	91.380882	91.440880	58.867325	58.240818	57.920872	56.419903	55.157085	0	0	0	0	0	0	"E	l	r\	"E	1	else	39.566494	46.310150	35.370377	40.406815	angered-76	None	-3	0	None
91.440880	91.490875	--undefined--	--undefined--	--undefined--	50.842449	48.108326	55.157085	91.440880	91.490875	55.157085	53.710785	50.063877	49.133255	48.881340	0	0	0	0	0	0	l	s	"E	"A	2	else	39.566494	46.310150	40.665768	43.308376	angered-76	None	-2	0	None
91.490875	91.590874	--undefined--	--undefined--	--undefined--	46.850277	43.496155	49.738983	91.490875	91.590874	48.881340	49.162170	47.327820	43.762852	43.668457	0	0	0	0	0	0	s	n	l	"A	3	else	39.566494	46.310150	41.520699	46.310150	angered-76	None	-1	0	None
91.590874	91.620880	519.429321	519.429321	519.429321	51.020325	43.668457	54.481476	91.590874	91.620880	43.668457	43.668457	51.564938	54.366421	54.481476	0	0	0	0	0	0	n	"A	s	"A	1	not	40.060352	41.753765	40.277763	41.753765	angered-76	None	-3	0	None
91.620880	91.670876	369.386902	219.344467	519.429321	54.518116	53.976307	54.925621	91.620880	91.670876	54.481476	54.925621	54.304470	53.976307	54.644028	0	0	0	0	0	0	"A	t	n	"A	2	not	40.060352	41.753765	40.142765	41.271496	angered-76	None	-2	0	None
91.670876	91.720879	212.301056	84.030052	340.572052	53.793438	51.503250	55.981159	91.670876	91.720879	54.644028	53.834515	53.520248	51.503250	55.981159	0	0	0	0	0	0	t	"i	"A	"i	3	not	40.060352	41.753765	38.920738	39.804188	angered-76	None	-1	0	None
91.720879	91.770874	483.110199	340.572052	593.419373	53.092960	48.378441	55.981159	91.720879	91.770874	55.981159	55.525269	54.772133	53.246826	48.378441	0	0	0	0	0	0	"i	v	t	"i	1	even	40.380852	43.362335	38.615566	41.005421	angered-76	None	-4	0	None
91.770874	91.870872	554.386475	515.353516	593.419373	51.664268	48.378441	54.065170	91.770874	91.870872	48.378441	51.950996	54.065170	52.820442	52.257648	0	0	0	0	0	0	v	I	"i	I	2	even	40.380852	43.362335	40.171692	42.930164	angered-76	None	-3	0	None
91.870872	91.920876	515.349609	515.185547	515.513733	52.802612	51.651264	54.569607	91.870872	91.920876	52.257648	53.343674	54.569607	52.459339	52.534164	0	0	0	0	0	0	I	n	v	I	3	even	40.380852	43.362335	42.611397	43.362335	angered-76	None	-2	0	None
91.920876	91.950874	--undefined--	--undefined--	--undefined--	51.401062	49.266266	52.572552	91.920876	91.950874	52.534164	52.534164	52.572552	51.231266	49.266266	0	0	0	0	0	0	n	D	I	i	4	even	40.380852	43.362335	42.099186	42.212433	angered-76	None	-1	0	None
91.950874	91.980873	--undefined--	--undefined--	--undefined--	51.149551	49.266266	52.216534	91.950874	91.980873	49.266266	49.266266	51.544533	52.216534	51.570877	0	0	0	0	0	0	D	i	n	i	1	the	36.730167	42.212433	35.682568	42.212433	angered-76	None	-2	0	None
91.980873	92.010880	--undefined--	--undefined--	--undefined--	51.680218	49.847717	53.245926	91.980873	92.010880	51.570877	51.570877	52.056351	49.847717	53.245926	0	0	0	0	0	0	i	d	D	i	2	the	36.730167	42.212433	37.428562	39.647675	angered-76	None	-1	0	None
92.010880	92.050880	515.458862	515.458862	515.458862	57.129158	53.245926	59.566505	92.010880	92.050880	53.245926	57.069759	59.566505	57.602509	58.161079	0	0	0	0	0	0	d	"E	i	"E	1	death	39.298595	44.744026	37.666588	40.805122	angered-76	None	-3	0	None
92.050880	92.200882	463.338318	409.542999	517.133667	55.316441	45.066074	61.252918	92.050880	92.200882	58.161079	60.545105	57.483822	50.797112	45.066074	0	0	0	0	0	0	"E	T	d	"E	2	death	39.298595	44.744026	39.706596	44.744026	angered-76	None	-2	0	None
92.200882	92.230873	80.526398	80.526398	80.526398	50.104839	45.066074	57.833363	92.200882	92.230873	45.066074	45.066074	47.185081	50.334831	57.833363	0	0	0	0	0	0	T	"V	"E	"V	3	death	39.298595	44.744026	--undefined--	--undefined--	angered-76	None	-1	0	None
92.230873	92.300880	244.795425	80.526398	409.064453	54.621452	50.610649	57.833363	92.230873	92.300880	57.833363	55.475025	54.935852	54.827152	50.610649	0	0	0	0	0	0	"V	v	T	"V	1	of	38.409115	44.660625	35.825203	42.593330	angered-76	None	-2	0	None
92.300880	92.360878	410.648071	410.648071	410.648071	55.452278	50.465015	61.070396	92.300880	92.360878	50.610649	50.465015	54.324921	59.574871	59.773880	0	0	0	0	0	0	v	"A	"V	"A	2	of	38.409115	44.660625	40.993027	44.660625	angered-76	None	-1	0	None
92.360878	92.550873	427.727295	339.823517	515.631042	52.175804	41.634377	59.773880	92.360878	92.550873	59.773880	57.929806	50.701202	49.996990	41.634377	0	0	0	0	0	0	"A	tS	v	"A	1	our	41.676373	45.874523	41.676373	45.874523	angered-76	None	-1	0	None
92.550873	92.720879	258.284027	258.284027	258.284027	49.646652	40.024815	58.558899	92.550873	92.720879	41.634377	46.877369	54.932552	48.374237	53.400440	0	0	0	0	0	0	tS	"aI	"A	"aI	1	child	39.366360	45.046734	38.612949	45.046734	disgust-68	None	-4	0	None
92.720879	93.010880	434.981812	341.230988	516.743591	58.399227	47.061649	65.596832	92.720879	93.010880	53.400440	61.375843	61.568863	60.816124	53.337437	0	0	0	0	0	0	"aI	l	tS	"aI	2	child	39.366360	45.046734	39.491375	44.999775	disgust-68	None	-3	0	None
93.010880	93.160881	--undefined--	--undefined--	--undefined--	52.082420	49.512218	55.412270	93.010880	93.160881	53.337437	54.203545	52.809250	51.848354	49.704891	0	0	0	0	0	0	l	d	"aI	"{	3	child	39.366360	45.046734	39.719383	44.462395	disgust-68	None	-2	0	None
93.160881	93.300880	--undefined--	--undefined--	--undefined--	49.293175	44.620377	57.023941	93.160881	93.300880	49.704891	48.046562	57.023941	44.620377	50.921638	0	0	0	0	0	0	d	spn	l	"{	4	child	39.366360	45.046734	40.094646	44.209980	disgust-68	None	-1	0	None
93.300880	94.060875	426.800140	313.125519	515.329590	47.435318	35.032963	54.251385	93.300880	94.060875	50.921638	50.717014	44.418369	51.718224	50.842175	0	0	0	0	0	0	spn	k	d	"{	1	XXNONVERBALXX	41.647881	46.802475	41.647881	46.802475	disgust-68	None	-1	0	None
94.060875	94.150879	407.447479	407.447479	407.447479	55.549297	50.263329	65.317383	94.060875	94.150879	50.842175	50.263329	55.830544	52.839828	65.317383	0	0	0	0	0	0	k	"{	spn	"{	1	can	39.522820	45.506916	41.993122	45.506916	disgust-68	None	-3	0	None
94.150879	94.270874	--undefined--	--undefined--	--undefined--	60.032444	49.954586	65.317383	94.150879	94.270874	65.317383	62.742851	63.937408	56.545258	49.954586	0	0	0	0	0	0	"{	n	k	"{	2	can	39.522820	45.506916	38.584560	45.450928	disgust-68	None	-2	0	None
94.270874	94.300873	--undefined--	--undefined--	--undefined--	51.483612	49.762787	55.451660	94.270874	94.300873	49.954586	49.954586	49.762787	50.765415	55.451660	0	0	0	0	0	0	n	k	"{	"i	3	can	39.522820	45.506916	41.731171	45.327126	disgust-68	None	-1	0	None
94.300873	94.380882	--undefined--	--undefined--	--undefined--	55.105827	49.988815	68.030685	94.300873	94.380882	55.451660	53.088566	52.812721	49.988815	68.030685	0	0	0	0	0	0	k	"i	n	"i	1	keep	40.644222	44.622082	42.754612	44.453197	disgust-68	None	-3	0	None
94.380882	94.500877	--undefined--	--undefined--	--undefined--	58.910820	45.020298	68.513863	94.380882	94.500877	68.030685	64.786285	60.530968	56.055321	50.394569	0	0	0	0	0	0	"i	p	k	"i	2	keep	40.644222	44.622082	40.419342	44.622082	disgust-68	None	-2	0	None
94.500877	94.590881	--undefined--	--undefined--	--undefined--	50.787964	45.748230	57.016357	94.500877	94.590881	50.394569	48.147678	57.016357	49.232094	52.972698	0	0	0	0	0	0	p	j	"i	"u	3	keep	40.644222	44.622082	39.992073	42.832733	disgust-68	None	-1	0	None
94.590881	94.630882	698.713501	698.713501	698.713501	58.058205	52.972698	60.981110	94.590881	94.630882	52.972698	60.298752	60.981110	59.894718	56.143730	0	0	0	0	0	0	j	"u	p	"u	1	you	38.950775	43.853554	40.013229	43.853554	disgust-68	None	-2	0	None
94.630882	94.660873	698.713501	698.713501	698.713501	51.938427	49.460007	56.143730	94.630882	94.660873	56.143730	56.143730	52.568619	49.581360	49.460007	0	0	0	0	0	0	"u	f	j	"u	2	you	38.950775	43.853554	39.118645	42.473873	disgust-68	None	-1	0	None
94.660873	94.760880	428.741943	339.915649	517.568237	50.301529	47.855270	56.714729	94.660873	94.760880	49.460007	50.596420	47.855270	50.823753	56.714729	0	0	0	0	0	0	f	r\	"u	"V	1	from	37.718502	44.077362	36.807270	41.449257	disgust-68	None	-4	0	None
94.760880	94.810875	517.568237	517.568237	517.568237	60.260258	56.714729	61.237305	94.760880	94.810875	56.714729	60.351463	61.237305	61.062809	61.080872	0	0	0	0	0	0	r\	"V	f	"V	2	from	37.718502	44.077362	37.933842	41.449257	disgust-68	None	-3	0	None
94.810875	94.870880	--undefined--	--undefined--	--undefined--	57.493534	53.841347	61.080872	94.810875	94.870880	61.080872	58.757381	58.538551	56.409698	54.684845	0	0	0	0	0	0	"V	m	r\	"V	3	from	37.718502	44.077362	38.416492	41.869968	disgust-68	None	-2	0	None
94.870880	94.930878	--undefined--	--undefined--	--undefined--	53.253395	48.262745	55.971939	94.870880	94.930878	54.684845	55.317657	55.469673	53.708836	49.358067	0	0	0	0	0	0	m	"I	"V	"I	4	from	37.718502	44.077362	41.403187	44.077362	disgust-68	None	-1	0	None
94.930878	95.030876	391.088226	372.000397	410.176056	49.440918	44.633759	52.104294	94.930878	95.030876	49.358067	51.590351	52.104294	50.906147	44.633759	0	0	0	0	0	0	"I	t	m	"I	1	it	38.721672	47.256771	37.242256	42.681767	disgust-68	None	-2	0	None
95.030876	95.210876	418.812439	340.400452	515.467346	46.265415	39.643333	52.185722	95.030876	95.210876	44.633759	39.643333	52.185722	49.472507	51.431236	0	0	0	0	0	0	t	spn	"I	"{	2	it	38.721672	47.256771	39.379189	47.256771	disgust-68	None	-1	0	None
95.210876	96.930878	436.873688	340.379852	694.331787	45.812153	37.479767	52.714706	95.210876	96.930878	51.431236	41.904205	43.856895	45.129181	45.764751	0	0	0	0	0	0	spn	h	t	"{	1	XXNONVERBALXX	39.627838	45.630665	39.627838	45.630665	disgust-68	None	-1	0	None
96.930878	97.020874	--undefined--	--undefined--	--undefined--	52.573273	45.764751	61.187977	96.930878	97.020874	45.764751	48.291222	50.523552	52.309742	61.187977	0	0	0	0	0	0	h	"{	spn	"{	1	hamnet	39.493782	45.850891	37.720028	43.698174	disgust-68	None	-6	0	None
97.020874	97.100876	340.617462	340.617462	340.617462	62.386612	61.187977	63.391800	97.020874	97.100876	61.187977	62.770519	63.295219	62.489109	61.299778	0	0	0	0	0	0	"{	m	h	"{	2	hamnet	39.493782	45.850891	37.975204	45.850891	disgust-68	None	-5	0	None
97.100876	97.150879	340.506256	340.506256	340.506256	61.000996	60.850964	61.299778	97.100876	97.150879	61.299778	60.850964	60.888084	61.043621	60.876892	0	0	0	0	0	0	m	n	"{	%E	3	hamnet	39.493782	45.850891	39.026268	39.728424	disgust-68	None	-4	0	None
97.150879	97.200874	340.506256	340.506256	340.506256	58.663967	54.849987	60.876892	97.150879	97.200874	60.876892	60.000526	59.634659	59.255264	54.849987	0	0	0	0	0	0	n	%E	m	%E	4	hamnet	39.493782	45.850891	38.542042	41.387756	disgust-68	None	-3	0	None
97.200874	97.270874	--undefined--	--undefined--	--undefined--	54.707294	52.862099	56.085846	97.200874	97.270874	54.849987	56.085846	56.006145	52.983917	52.862099	0	0	0	0	0	0	%E	t	n	%E	5	hamnet	39.493782	45.850891	39.642231	45.569679	disgust-68	None	-2	0	None
97.270874	97.360878	--undefined--	--undefined--	--undefined--	48.094826	43.398556	52.862099	97.270874	97.360878	52.862099	49.600594	51.689667	45.785835	45.614834	0	0	0	0	0	0	t	d	%E	"aI	6	hamnet	39.493782	45.850891	42.027885	45.569679	disgust-68	None	-1	0	None
97.360878	97.430878	--undefined--	--undefined--	--undefined--	54.996895	45.614834	61.985153	97.360878	97.430878	45.614834	52.607800	47.784573	60.608902	61.764946	0	0	0	0	0	0	d	"aI	t	"aI	1	died	38.300667	44.637291	37.889584	42.170944	disgust-68	None	-3	0	None
97.430878	97.710876	340.561096	340.561096	340.561096	54.707199	49.734539	61.764946	97.430878	97.710876	61.764946	53.872368	53.589672	56.691956	51.103916	0	0	0	0	0	0	"aI	d	d	"aI	2	died	38.300667	44.637291	38.263874	44.394356	disgust-68	None	-2	0	None
97.710876	97.910881	408.538696	408.403503	408.673889	47.965660	42.611023	51.291012	97.710876	97.910881	51.103916	51.291012	44.569954	50.124134	49.073032	0	0	0	0	0	0	d	spn	"aI	V	3	died	38.300667	44.637291	38.848808	44.637291	disgust-68	None	-1	0	None
97.910881	98.250877	408.943634	340.727814	514.679382	45.824890	36.607708	50.438560	97.910881	98.250877	49.073032	45.213512	49.641567	45.745605	50.438560	0	0	0	0	0	0	spn	V	d	V	1	XXNONVERBALXX	38.851074	45.908058	38.851074	45.908058	disgust-68	None	-1	0	None
98.250877	98.340881	390.363312	371.423676	409.302948	49.205757	37.651703	53.999161	98.250877	98.340881	50.438560	50.657806	49.555908	51.600426	50.797592	0	0	0	0	0	0	V	spn	spn	V	1	a	46.239357	46.428444	46.239357	46.428444	disgust-68	None	-1	0	None
98.340881	99.180878	479.818848	288.960297	667.183777	47.985039	38.066078	55.450306	98.340881	99.180878	50.797592	52.887680	43.365776	47.418446	46.032944	0	0	0	0	0	0	spn	h	V	"O	1	XXNONVERBALXX	42.128742	48.068336	42.128742	48.068336	disgust-68	None	-1	0	None
99.180878	99.340874	340.971741	340.971741	340.971741	54.217987	43.754013	63.760410	99.180878	99.340874	46.032944	43.754013	54.088913	58.081707	63.760410	0	0	0	0	0	0	h	"O	spn	"O	1	horrible	40.260105	47.115417	40.554977	47.056393	disgust-68	None	-7	0	None
99.340874	99.400879	340.465790	340.465790	340.465790	65.246910	63.760410	65.992653	99.340874	99.400879	63.760410	64.619606	65.519524	65.992653	65.434875	0	0	0	0	0	0	"O	r\	h	"O	2	horrible	40.260105	47.115417	40.307774	42.821598	disgust-68	None	-6	0	None
99.400879	99.490875	340.465790	340.465790	340.465790	63.202099	60.125996	65.453682	99.400879	99.490875	65.434875	65.453682	64.092171	62.110054	60.180664	0	0	0	0	0	0	r\	V	"O	V	3	horrible	40.260105	47.115417	39.739685	47.115417	disgust-68	None	-5	0	None
99.490875	99.530876	--undefined--	--undefined--	--undefined--	56.895775	53.636509	60.180664	99.490875	99.530876	60.180664	58.804508	56.355042	55.502163	53.636509	0	0	0	0	0	0	V	b	r\	V	4	horrible	40.260105	47.115417	41.646160	45.796509	disgust-68	None	-4	0	None
99.530876	99.580879	695.928162	695.928162	695.928162	51.902908	49.710457	55.874748	99.530876	99.580879	53.636509	50.962681	49.710457	51.213409	55.874748	0	0	0	0	0	0	b	V	V	V	5	horrible	40.260105	47.115417	38.533913	44.315254	disgust-68	None	-3	0	None
99.580879	99.620880	--undefined--	--undefined--	--undefined--	59.890602	55.874748	61.356678	99.580879	99.620880	55.874748	59.886047	61.098282	61.356678	61.237263	0	0	0	0	0	0	V	l	b	V	6	horrible	40.260105	47.115417	36.696758	42.678406	disgust-68	None	-2	0	None
99.620880	99.690880	--undefined--	--undefined--	--undefined--	54.998379	50.587048	61.237263	99.620880	99.690880	61.237263	60.745770	50.587048	54.964943	50.691307	0	0	0	0	0	0	l	d	V	"E	7	horrible	40.260105	47.115417	42.492680	45.922245	disgust-68	None	-1	0	None
99.690880	99.790878	--undefined--	--undefined--	--undefined--	54.600681	49.854286	59.107613	99.690880	99.790878	50.691307	49.854286	51.395790	58.143753	59.107613	0	0	0	0	0	0	d	"E	l	"E	1	death	40.870720	46.641689	38.215073	43.587605	disgust-68	None	-3	0	None
99.790878	99.960876	--undefined--	--undefined--	--undefined--	56.093624	47.019672	62.443062	99.790878	99.960876	59.107613	62.443062	59.059544	53.302097	51.431999	0	0	0	0	0	0	"E	T	d	"E	2	death	40.870720	46.641689	39.499260	45.344959	disgust-68	None	-2	0	None
99.960876	100.150879	513.335449	513.335449	513.335449	49.672337	42.343536	54.076496	99.960876	100.150879	51.431999	49.641457	48.889008	47.443069	45.053894	0	0	0	0	0	0	T	spn	"E	"{	3	death	40.870720	46.641689	44.098236	46.641689	disgust-68	None	-1	0	None
100.150879	102.400879	462.809631	340.583801	518.636108	51.617256	38.802750	61.876572	100.150879	102.400879	45.053894	51.108490	53.953995	47.442036	54.950829	0	0	0	0	0	0	spn	"{	T	"{	1	XXNONVERBALXX	42.852470	51.308865	42.852470	51.308865	disgust-68	None	-1	0	None
102.400879	102.480881	--undefined--	--undefined--	--undefined--	55.403519	48.651207	61.475510	102.400879	102.480881	54.950829	50.857624	54.019032	60.039181	61.007484	0	0	0	0	0	0	"{	n	spn	"{	1	and	44.181202	47.037041	44.181202	47.037041	disgust-68	None	-2	0	None
102.480881	102.510880	514.765259	513.784607	515.745911	60.088623	59.729042	61.007484	102.480881	102.510880	61.007484	61.007484	59.868095	59.729042	59.749874	0	0	0	0	0	0	n	j	"{	"u	2	and	44.181202	47.037041	--undefined--	--undefined--	disgust-68	None	-1	0	None
102.510880	102.570877	--undefined--	--undefined--	--undefined--	59.592609	58.068169	60.477608	102.510880	102.570877	59.749874	59.935692	60.477608	59.333794	58.068169	0	0	0	0	0	0	j	"u	n	"u	1	you	43.858215	49.123749	47.712547	49.123749	disgust-68	None	-2	0	None
102.570877	102.610878	387.810333	387.810333	387.810333	56.448132	55.530476	58.068169	102.570877	102.610878	58.068169	56.288528	55.530476	55.740582	56.612911	0	0	0	0	0	0	"u	S	j	"u	2	you	43.858215	49.123749	40.003880	44.712952	disgust-68	None	-1	0	None
102.610878	102.720879	679.504761	679.504761	679.504761	55.960815	50.876854	61.183815	102.610878	102.720879	56.612911	56.537552	54.301773	54.085461	59.923698	0	0	0	0	0	0	S	"U	"u	"U	1	should	39.939705	44.839073	39.823490	44.537579	disgust-68	None	-3	0	None
102.720879	102.750877	--undefined--	--undefined--	--undefined--	57.418667	55.577454	59.923698	102.720879	102.750877	59.923698	59.923698	58.289223	55.884293	55.577454	0	0	0	0	0	0	"U	d	S	"U	2	should	39.939705	44.839073	41.209137	44.839073	disgust-68	None	-2	0	None
102.750877	102.780876	--undefined--	--undefined--	--undefined--	54.044693	51.792145	55.577454	102.750877	102.780876	55.577454	55.577454	53.961334	51.792145	54.847836	0	0	0	0	0	0	d	h	"U	"{	3	should	39.939705	44.839073	37.838661	38.023865	disgust-68	None	-1	0	None
102.780876	102.810875	--undefined--	--undefined--	--undefined--	58.488789	54.847836	60.426743	102.780876	102.810875	54.847836	54.847836	58.994659	60.426743	59.685913	0	0	0	0	0	0	h	"{	d	"{	1	have	40.847683	45.961624	39.098885	40.544312	angered-84	None	-3	0	None
102.810875	102.840874	--undefined--	--undefined--	--undefined--	53.682213	48.922672	59.685913	102.810875	102.840874	59.685913	59.685913	55.527199	50.593071	48.922672	0	0	0	0	0	0	"{	v	h	"{	2	have	40.847683	45.961624	37.201023	44.483231	angered-84	None	-2	0	None
102.840874	102.920876	--undefined--	--undefined--	--undefined--	47.998959	42.325714	54.579987	102.840874	102.920876	48.922672	46.598476	49.556068	49.278828	42.325714	0	0	0	0	0	0	v	b	"{	V	3	have	40.847683	45.961624	43.539791	45.961624	angered-84	None	-1	0	None
102.920876	102.950874	366.225708	366.225708	366.225708	51.853020	42.325714	59.519325	102.920876	102.950874	42.325714	42.325714	47.217972	58.349083	59.519325	0	0	0	0	0	0	b	V	v	V	1	been	41.179161	49.591179	20.506939	20.506939	angered-84	None	-3	0	None
102.950874	103.380875	466.810089	340.436768	677.029968	54.839256	49.276123	59.519325	102.950874	103.380875	59.519325	57.935211	49.276123	55.384182	51.559643	0	0	0	0	0	0	V	n	b	V	2	been	41.179161	49.591179	39.996796	47.019009	angered-84	None	-2	0	None
103.380875	105.640877	490.455505	340.554169	699.866394	50.095650	35.973392	64.095657	103.380875	105.640877	51.559643	48.345684	46.758949	51.997429	51.448349	0	0	0	0	0	0	n	sil	V	"E	3	been	41.179161	49.591179	41.557556	49.591179	angered-84	None	-1	0	None
105.640877	105.700882	--undefined--	--undefined--	--undefined--	51.181370	48.006054	54.173141	105.640877	105.700882	51.448349	49.049957	53.922802	48.006054	54.173141	0	0	0	0	0	0	sil	D	n	"E	1	.	42.525169	44.979439	42.525169	44.979439	angered-84	None	-1	0	None
105.700882	105.770874	409.839172	409.839172	409.839172	52.564987	44.434723	59.057804	105.700882	105.770874	54.173141	53.843521	53.040813	44.434723	59.057804	0	0	0	0	0	0	D	"E	sil	"E	1	there	41.932507	47.055820	41.783310	44.454227	angered-84	None	-2	0	None
105.770874	105.820877	409.167786	409.167786	409.167786	59.332684	58.748070	59.926609	105.770874	105.820877	59.057804	58.748070	59.272343	59.926609	59.237007	0	0	0	0	0	0	"E	j	D	"E	2	there	41.932507	47.055820	42.081696	47.055820	angered-84	None	-1	0	None
105.820877	105.850876	409.279602	409.167786	409.391388	57.263268	54.752117	59.237007	105.820877	105.850876	59.237007	59.237007	57.899010	57.164936	54.752117	0	0	0	0	0	0	j	"u	"E	"u	1	you	40.447742	47.055820	43.511047	47.055820	angered-84	None	-2	0	None
105.850876	105.900879	409.475708	409.475708	409.475708	50.192902	47.940353	54.752117	105.850876	105.900879	54.752117	50.526432	48.920284	48.378407	50.639824	0	0	0	0	0	0	"u	k	j	"u	2	you	40.447742	47.055820	38.318672	42.455772	angered-84	None	-1	0	None
105.900879	105.950874	--undefined--	--undefined--	--undefined--	54.055614	50.639824	61.198006	105.900879	105.950874	50.639824	52.649841	51.688404	50.967731	61.198006	0	0	0	0	0	0	k	"U	"u	"U	1	could	41.397831	42.455772	41.874554	42.455772	angered-84	None	-3	0	None
105.950874	105.990875	--undefined--	--undefined--	--undefined--	60.142956	55.149937	61.849285	105.950874	105.990875	61.198006	61.308510	61.849285	61.209026	55.149937	0	0	0	0	0	0	"U	d	k	"U	2	could	41.397831	42.455772	41.420921	41.433266	angered-84	None	-2	0	None
105.990875	106.020874	513.070129	513.070129	513.070129	55.547913	53.421494	58.416290	105.990875	106.020874	55.149937	55.149937	53.421494	55.203934	58.416290	0	0	0	0	0	0	d	h	"U	"{	3	could	41.397831	42.455772	39.921490	39.921490	angered-84	None	-1	0	None
106.020874	106.050873	--undefined--	--undefined--	--undefined--	57.254105	54.772461	59.019943	106.020874	106.050873	58.416290	58.416290	59.019943	56.807724	54.772461	0	0	0	0	0	0	h	"{	d	"{	1	have	42.392452	45.943893	45.560719	45.943893	angered-84	None	-3	0	None
106.050873	106.080879	--undefined--	--undefined--	--undefined--	52.753551	51.136879	54.772461	106.050873	106.080879	54.772461	54.772461	53.750114	51.136879	51.354752	0	0	0	0	0	0	"{	v	h	"{	2	have	42.392452	45.943893	37.910149	38.767776	angered-84	None	-2	0	None
106.080879	106.150879	409.675018	409.675018	409.675018	47.813168	41.184124	51.354752	106.080879	106.150879	51.354752	48.156624	51.114525	47.088581	41.184124	0	0	0	0	0	0	v	b	"{	"I	3	have	42.392452	45.943893	41.850079	45.251419	angered-84	None	-1	0	None
106.150879	106.190880	--undefined--	--undefined--	--undefined--	51.936485	41.184124	59.707779	106.150879	106.190880	41.184124	49.711193	53.935703	55.143616	59.707779	0	0	0	0	0	0	b	"I	v	"I	1	bid	42.530922	46.622921	46.622921	46.622921	angered-84	None	-3	0	None
106.190880	106.260880	--undefined--	--undefined--	--undefined--	59.422352	51.942894	63.140045	106.190880	106.260880	59.707779	62.547729	62.573200	59.338573	53.425842	0	0	0	0	0	0	"I	d	b	"I	2	bid	42.530922	46.622921	41.659477	45.039047	angered-84	None	-2	0	None
106.260880	106.300880	--undefined--	--undefined--	--undefined--	57.183949	53.425842	58.466354	106.260880	106.300880	53.425842	58.466354	57.487389	58.184402	58.355770	0	0	0	0	0	0	d	I	"I	I	3	bid	42.530922	46.622921	43.917610	45.039047	angered-84	None	-1	0	None
106.300880	106.350876	--undefined--	--undefined--	--undefined--	58.141644	57.549397	58.902512	106.300880	106.350876	58.355770	58.245998	57.680824	57.549397	58.902512	0	0	0	0	0	0	I	m	d	I	1	him	40.310726	45.833473	38.552452	41.890144	angered-84	None	-2	0	None
106.350876	106.440880	--undefined--	--undefined--	--undefined--	54.718506	51.728424	58.902512	106.350876	106.440880	58.902512	55.656784	54.328541	52.795696	54.471077	0	0	0	0	0	0	m	f	I	%E	2	him	40.310726	45.833473	41.629433	45.833473	angered-84	None	-1	0	None
106.440880	106.560875	632.486694	592.086365	672.887024	52.237766	46.284069	59.579117	106.440880	106.560875	54.471077	51.075233	46.284069	53.389702	58.619667	0	0	0	0	0	0	f	%E	m	%E	1	farewell	40.660770	47.289108	40.073547	45.307762	angered-84	None	-6	0	None
106.560875	106.620880	--undefined--	--undefined--	--undefined--	60.475033	58.619667	61.450195	106.560875	106.620880	58.619667	60.063377	60.853619	60.656494	61.450195	0	0	0	0	0	0	%E	r\	f	%E	2	farewell	40.660770	47.289108	39.472443	46.676651	angered-84	None	-5	0	None
106.620880	106.700882	692.611145	692.611145	692.611145	57.988544	54.871300	61.450195	106.620880	106.700882	61.450195	59.359070	58.237663	55.770493	55.776638	0	0	0	0	0	0	r\	w	%E	"E	3	farewell	40.660770	47.289108	44.974770	47.289108	angered-84	None	-4	0	None
106.700882	106.740875	340.630371	340.560364	340.700409	57.517963	55.776638	59.053532	106.700882	106.740875	55.776638	57.317982	57.459053	57.982613	59.053532	0	0	0	0	0	0	w	"E	r\	"E	4	farewell	40.660770	47.289108	38.267384	46.633415	angered-84	None	-3	0	None
106.740875	106.870880	334.625763	290.973175	372.203766	56.577885	51.782234	59.053532	106.740875	106.870880	59.053532	59.004131	56.593773	56.656425	51.782234	0	0	0	0	0	0	"E	l	w	"E	5	farewell	40.660770	47.289108	41.075623	45.509151	angered-84	None	-2	0	None
106.870880	106.980881	426.827026	340.830231	512.823853	49.119843	42.902710	52.146530	106.870880	106.980881	51.782234	52.146530	52.145390	51.149841	50.087296	0	0	0	0	0	0	l	spn	"E	^	6	farewell	40.660770	47.289108	40.375401	46.494072	angered-84	None	-1	0	None
106.980881	107.999001	485.698242	313.289246	682.661438	49.328983	34.062584	59.807606	106.980881	107.999001	50.087296	52.774815	43.980442	49.183105	55.804466	0	0	0	0	0	0	spn	^	l	^	1	XXNONVERBALXX	42.058910	49.220093	42.058910	49.220093	angered-84	None	-1	0	None