template	NADA	0	2
0.000000	0.100000	--undefined--	--undefined--	--undefined--	24.155785	21.581171	25.580179	0.000000	0.100000	25.222771	24.916698	25.001461	24.077148	21.581171	0	0	0	0	0	0	sil	h	^	"oU	1	.	24.960817	25.653385	24.960817	25.653385	None	None	-1	0	
0.100000	0.140000	--undefined--	--undefined--	--undefined--	24.495640	21.581171	31.576614	0.100000	0.140000	21.581171	21.581171	21.591570	31.576614	31.576614	0	0	0	0	0	0	h	w	sil	"oU	1	whoa	25.252848	31.550381	21.321741	27.008244	surprised-80	None	-3	0	None
0.140000	0.250000	--undefined--	--undefined--	--undefined--	45.004177	31.576614	50.319424	0.140000	0.250000	31.576614	47.268799	50.319424	45.065235	45.686459	0	0	0	0	0	0	w	"oU	h	"oU	2	whoa	25.252848	31.550381	27.080318	31.550381	surprised-80	None	-2	0	None
0.250000	0.360000	433.931549	409.214233	458.648865	45.694118	44.524342	46.590343	0.250000	0.360000	45.686459	46.590343	45.583900	45.657494	46.327023	0	0	0	0	0	0	"oU	j	w	"oU	3	whoa	25.252848	31.550381	25.432276	28.896629	surprised-80	None	-1	0	None
0.360000	0.390000	--undefined--	--undefined--	--undefined--	47.121223	46.327023	47.605091	0.360000	0.390000	46.327023	46.327023	47.204052	47.605091	47.348728	0	0	0	0	0	0	j	"u	"oU	"u	1	you	25.413813	29.563704	24.161381	28.944567	happy-82	None	-2	0	None
0.390000	0.530000	369.389221	80.485695	658.292725	42.555325	35.488159	48.018993	0.390000	0.530000	47.348728	45.525307	43.875343	40.718800	35.488159	0	0	0	0	0	0	"u	sil	j	"u	2	you	25.413813	29.563704	24.707663	29.563704	happy-82	None	-1	0	None
0.530000	1.264500	390.866455	371.385193	410.347717	-235.444550	-300.000000	43.757420	0.530000	1.264500	35.488159	-300.000000	-300.000000	-300.000000	40.815510	0	0	0	0	0	0	sil	d	"u	I	1	.	19.157379	23.427101	19.157379	23.427101	happy-82	None	-1	0	None
1.264500	1.364500	245.987885	245.987885	245.987885	44.382793	37.049820	51.266445	1.264500	1.364500	40.815510	46.924419	46.495163	38.378090	51.266445	0	0	0	0	0	0	d	I	sil	I	1	did	31.414545	38.971325	34.684719	38.971325	happy-82	None	-3	0	None
1.364500	1.404500	340.800568	340.800568	340.800568	48.539326	44.454746	51.266445	1.364500	1.404500	51.266445	50.771614	49.876026	46.327805	44.454746	0	0	0	0	0	0	I	d	d	I	2	did	31.414545	38.971325	29.120245	33.977169	happy-82	None	-2	0	None
1.404500	1.444500	519.293518	519.293518	519.293518	44.675362	39.559803	54.041466	1.404500	1.444500	44.454746	42.199455	39.559803	43.121319	54.041466	0	0	0	0	0	0	d	D	I	"V	3	did	31.414545	38.971325	27.150820	31.870285	happy-82	None	-1	0	None
1.444500	1.494500	519.293518	519.293518	519.293518	50.503399	46.523636	54.041466	1.444500	1.494500	54.041466	53.480484	46.523636	50.340572	47.960449	0	0	0	0	0	0	D	"V	d	"V	1	the	29.159550	35.813477	34.016483	35.787136	happy-82	None	-2	0	None
1.494500	1.634500	519.372192	519.372192	519.372192	46.377003	42.279877	54.065365	1.494500	1.634500	47.960449	48.101215	42.426838	44.307140	43.737560	0	0	0	0	0	0	"V	"O	D	"V	2	the	29.159550	35.813477	27.825500	35.813477	happy-82	None	-1	0	None
1.634500	1.664500	--undefined--	--undefined--	--undefined--	42.017128	40.518303	43.737560	1.634500	1.664500	43.737560	40.518303	40.518303	40.757870	43.054779	0	0	0	0	0	0	"O	r\	"V	"O	1	orange	26.394299	34.935261	--undefined--	--undefined--	happy-82	None	-5	0	None
1.664500	1.724500	409.254944	408.728455	409.781433	42.119251	41.400181	43.054779	1.664500	1.724500	43.054779	41.546227	42.209858	42.297707	41.400181	0	0	0	0	0	0	r\	V	"O	V	2	orange	26.394299	34.935261	24.068867	28.851116	happy-82	None	-4	0	None
1.724500	1.804500	593.098083	593.098083	593.098083	39.965908	36.392776	42.076759	1.724500	1.804500	41.400181	40.794674	42.076759	39.570881	36.392776	0	0	0	0	0	0	V	n	r\	V	3	orange	26.394299	34.935261	25.608315	27.779812	happy-82	None	-3	0	None
1.804500	1.844500	--undefined--	--undefined--	--undefined--	35.685760	29.814766	38.830112	1.804500	1.844500	36.392776	38.830112	37.779793	35.611374	29.814766	0	0	0	0	0	0	n	dZ	V	"aU	4	orange	26.394299	34.935261	23.658321	23.658321	happy-82	None	-2	0	None
1.844500	1.984500	231.208023	231.208023	231.208023	34.159836	28.452080	39.048027	1.844500	1.984500	29.814766	36.341984	35.773911	31.983940	31.773798	0	0	0	0	0	0	dZ	sil	n	"aU	5	orange	26.394299	34.935261	27.901638	34.935261	happy-82	None	-1	0	None
1.984500	2.409500	460.133484	231.724304	691.019958	-123.591469	-300.000000	34.702225	1.984500	2.409500	31.773798	24.673241	-300.000000	-300.000000	34.702225	0	0	0	0	0	0	sil	h	dZ	"aU	1	.	17.350538	25.614225	17.350538	25.614225	happy-82	None	-1	0	None
2.409500	2.489500	--undefined--	--undefined--	--undefined--	45.203938	34.702225	49.482086	2.409500	2.489500	34.702225	42.327728	49.482086	48.799965	48.095352	0	0	0	0	0	0	h	"aU	sil	"aU	1	how'd	28.183334	38.176632	28.638603	38.176632	happy-82	None	-3	0	None
2.489500	2.529500	--undefined--	--undefined--	--undefined--	48.485176	48.091431	48.869064	2.489500	2.529500	48.095352	48.869064	48.544044	48.825993	48.091431	0	0	0	0	0	0	"aU	d	h	"aU	2	how'd	28.183334	38.176632	33.339943	37.479553	happy-82	None	-2	0	None
2.529500	2.609500	385.894348	256.224365	515.564331	42.541233	30.914028	48.091431	2.529500	2.609500	48.091431	41.223301	30.914028	47.616913	47.252937	0	0	0	0	0	0	d	j	"aU	"u	3	how'd	28.183334	38.176632	27.363846	35.989071	happy-82	None	-1	0	None
2.609500	2.639500	198.096222	198.096222	198.096222	45.567436	44.815231	47.252937	2.609500	2.639500	47.252937	44.815231	45.356144	44.845421	44.845421	0	0	0	0	0	0	j	"u	d	"u	1	you	--undefined--	--undefined--	--undefined--	--undefined--	happy-82	None	-2	0	None
2.639500	2.669500	--undefined--	--undefined--	--undefined--	37.799965	28.375853	44.845421	2.639500	2.669500	44.845421	41.188065	36.790524	28.375853	28.375853	0	0	0	0	0	0	"u	d	j	"u	2	you	--undefined--	--undefined--	--undefined--	--undefined--	happy-82	None	-1	0	None
2.669500	2.739500	--undefined--	--undefined--	--undefined--	39.450462	27.208406	49.321091	2.669500	2.739500	28.375853	27.208406	46.113224	49.321091	49.038864	0	0	0	0	0	0	d	"u	"u	"u	1	do	27.278528	32.256290	23.807396	31.883366	happy-82	None	-2	0	None
2.739500	2.789500	--undefined--	--undefined--	--undefined--	48.124668	44.802479	49.038864	2.739500	2.789500	49.038864	48.994354	48.888130	48.156300	44.802479	0	0	0	0	0	0	"u	D	d	"u	2	do	27.278528	32.256290	30.165302	32.256290	happy-82	None	-1	0	None
2.789500	2.839500	--undefined--	--undefined--	--undefined--	45.322147	42.108376	48.743816	2.789500	2.839500	44.802479	44.353710	45.304829	46.619678	48.743816	0	0	0	0	0	0	D	"V	"u	"V	1	the	26.126801	32.186104	28.334845	32.186104	happy-82	None	-2	0	None
2.839500	2.969500	454.666840	454.666840	454.666840	44.887947	42.129105	49.089806	2.839500	2.969500	48.743816	42.214386	42.129105	46.869232	45.893402	0	0	0	0	0	0	"V	"O	D	"V	2	the	26.126801	32.186104	25.145452	31.937481	happy-82	None	-1	0	None
2.969500	3.019500	594.252258	594.252258	594.252258	45.674335	44.655586	47.287880	2.969500	3.019500	45.893402	45.610691	44.925137	44.655586	47.287880	0	0	0	0	0	0	"O	r\	"V	"O	1	orange	24.694370	32.201351	24.524218	30.067345	happy-82	None	-5	0	None
3.019500	3.089500	--undefined--	--undefined--	--undefined--	45.399536	42.225155	52.155895	3.019500	3.089500	47.287880	47.343124	43.975861	43.549019	43.174664	0	0	0	0	0	0	r\	V	"O	V	2	orange	24.694370	32.201351	29.292290	30.823872	happy-82	None	-4	0	None
3.089500	3.169500	519.852051	519.852051	519.852051	39.917900	35.944450	43.569469	3.089500	3.169500	43.174664	43.265491	39.769104	36.821079	37.048264	0	0	0	0	0	0	V	n	r\	V	3	orange	24.694370	32.201351	23.548967	28.526535	happy-82	None	-3	0	None
3.169500	3.239500	520.177551	520.177551	520.177551	32.064045	25.297697	37.048264	3.169500	3.239500	37.048264	33.644455	31.717239	30.312574	25.297697	0	0	0	0	0	0	n	dZ	V	"aU	4	orange	24.694370	32.201351	21.394190	26.522036	happy-82	None	-2	0	None
3.239500	3.349500	520.177551	520.177551	520.177551	27.099220	17.541859	35.577633	3.239500	3.349500	25.297697	35.577633	30.419676	20.332142	17.541859	0	0	0	0	0	0	dZ	sil	n	"aU	5	orange	24.694370	32.201351	25.120150	32.201351	happy-82	None	-1	0	None
3.349500	6.764438	340.628052	340.628052	340.628052	-270.447235	-300.000000	45.094074	3.349500	6.764438	17.541859	-300.000000	-300.000000	-300.000000	44.755383	0	0	0	0	0	0	sil	h	dZ	"aU	1	.	18.760738	34.479786	18.760738	34.479786	happy-82	None	-1	0	None
6.764438	6.804438	--undefined--	--undefined--	--undefined--	48.408257	44.755383	52.844498	6.764438	6.804438	44.755383	45.112373	48.376690	50.952335	52.844498	0	0	0	0	0	0	h	"aU	sil	"aU	1	how	28.947939	33.744396	26.839357	33.170799	happy-82	None	-2	0	None
6.804438	6.834437	--undefined--	--undefined--	--undefined--	49.416279	47.511524	52.844498	6.804438	6.834437	52.844498	49.763474	49.763474	47.511524	47.545628	0	0	0	0	0	0	"aU	tS	h	"aU	2	how	28.947939	33.744396	29.324600	33.744396	happy-82	None	-1	0	None
6.834437	6.864438	--undefined--	--undefined--	--undefined--	46.554897	45.984516	47.545628	6.834437	6.864438	47.545628	46.311970	46.311970	46.377472	45.984516	0	0	0	0	0	0	tS	"E	"aU	"E	1	check	32.069588	33.744396	32.069588	33.744396	happy-88	None	-3	0	None
6.864438	6.894438	--undefined--	--undefined--	--undefined--	45.469330	44.353928	46.499233	6.864438	6.894438	45.984516	46.499233	46.499233	45.039642	44.353928	0	0	0	0	0	0	"E	k	tS	"E	2	check	32.069588	33.744396	--undefined--	--undefined--	happy-88	None	-2	0	None
6.894438	6.924438	517.958130	517.958130	517.958130	41.760067	37.022018	44.353928	6.894438	6.924438	44.353928	43.590759	43.590759	42.073570	37.022018	0	0	0	0	0	0	k	I	"E	I	3	check	32.069588	33.744396	--undefined--	--undefined--	happy-88	None	-1	0	None
6.924438	6.954437	--undefined--	--undefined--	--undefined--	33.765232	29.207417	37.022018	6.924438	6.954437	37.022018	35.313232	35.313232	33.518261	29.207417	0	0	0	0	0	0	I	t	k	I	1	it	18.456976	23.933586	8.770391	8.770391	happy-88	None	-2	0	None
6.954437	6.984437	--undefined--	--undefined--	--undefined--	30.131250	29.207417	31.073084	6.954437	6.984437	29.207417	31.073084	31.073084	30.639179	29.605322	0	0	0	0	0	0	t	"aU	I	"aU	2	it	18.456976	23.933586	23.300266	23.933586	happy-88	None	-1	0	None
6.984437	7.014438	409.568970	409.568970	409.568970	27.191006	24.305157	29.605322	6.984437	7.014438	29.605322	28.195887	28.195887	26.657658	24.305157	0	0	0	0	0	0	"aU	t	t	"aU	1	out	14.519762	24.733112	6.731712	13.237056	happy-88	None	-2	0	None
7.014438	7.064438	290.953278	290.953278	290.953278	21.262241	18.944527	24.305157	7.014438	7.064438	24.305157	22.805777	20.613058	19.572300	18.944527	0	0	0	0	0	0	t	sil	"aU	"eI	2	out	14.519762	24.733112	19.284225	24.733112	happy-88	None	-1	0	None
7.064438	14.469999	364.063629	231.259018	458.683624	-281.789642	-300.000000	36.365665	7.064438	14.469999	18.944527	-300.000000	-300.000000	-300.000000	36.365665	0	0	0	0	0	0	sil	spn	t	"eI	1	.	16.880543	31.280737	16.880543	31.280737	happy-88	None	-1	0	None
14.469999	14.809999	355.477722	231.076202	410.183746	40.120377	30.448891	48.042431	14.469999	14.809999	36.365665	44.287941	40.950348	43.034737	30.448891	0	0	0	0	0	0	spn	sil	sil	"eI	1	XXNONVERBALXX	27.706554	37.249329	27.706554	37.249329	happy-88	None	-1	0	None
14.809999	14.839999	--undefined--	--undefined--	--undefined--	29.574785	27.316759	31.307602	14.809999	14.839999	30.448891	30.448891	29.225891	27.316759	31.307602	0	0	0	0	0	0	sil	spn	spn	"eI	1	.	23.768456	23.768456	23.768456	23.768456	happy-88	None	-1	0	None
14.839999	15.000000	349.752014	290.660309	408.843750	35.644985	31.307602	41.033813	14.839999	15.000000	31.307602	39.067768	36.371368	34.858292	31.862045	0	0	0	0	0	0	spn	sil	sil	"eI	1	XXNONVERBALXX	28.802032	36.497299	28.802032	36.497299	happy-88	None	-1	0	None
15.000000	15.179999	--undefined--	--undefined--	--undefined--	24.603132	19.999655	39.611843	15.000000	15.179999	31.862045	24.219749	21.579149	20.486423	39.611843	0	0	0	0	0	0	sil	spn	spn	"eI	1	.	23.435801	31.629539	23.435801	31.629539	happy-88	None	-1	0	None
15.179999	15.290000	--undefined--	--undefined--	--undefined--	36.264824	31.512835	42.000885	15.179999	15.290000	39.611843	38.828568	36.146519	36.764179	31.512835	0	0	0	0	0	0	spn	sil	sil	"eI	1	XXNONVERBALXX	26.964960	29.330349	26.964960	29.330349	happy-88	None	-1	0	None
15.290000	20.420000	482.690613	231.067978	698.270508	-255.670990	-300.000000	31.512835	15.290000	20.420000	31.512835	-300.000000	-300.000000	-300.000000	31.277025	0	0	0	0	0	0	sil	spn	spn	"eI	1	.	19.680317	31.315002	19.680317	31.315002	happy-88	None	-1	0	None
20.420000	20.520000	--undefined--	--undefined--	--undefined--	33.539532	30.839142	38.005974	20.420000	20.520000	31.277025	32.960842	32.984013	36.614746	30.839142	0	0	0	0	0	0	spn	sil	sil	"eI	1	XXNONVERBALXX	28.909924	35.586273	28.909924	35.586273	happy-88	None	-1	0	None
20.520000	20.650000	340.431244	340.431244	340.431244	26.561245	20.580854	34.872238	20.520000	20.650000	30.839142	20.586016	20.580854	32.930065	34.872238	0	0	0	0	0	0	sil	spn	spn	"eI	1	.	19.532209	28.364355	19.532209	28.364355	happy-88	None	-1	0	None
20.650000	20.859999	521.797119	521.797119	521.797119	37.642750	31.764860	41.102520	20.650000	20.859999	34.872238	38.648445	39.783482	38.319725	31.764860	0	0	0	0	0	0	spn	sil	sil	"eI	1	XXNONVERBALXX	27.210716	30.619892	27.210716	30.619892	happy-88	None	-1	0	None
20.859999	20.959999	352.925781	296.264008	409.587585	29.554274	27.067024	35.378448	20.859999	20.959999	31.764860	27.527344	28.680193	31.072060	35.378448	0	0	0	0	0	0	sil	spn	spn	"eI	1	.	23.518360	26.124802	23.518360	26.124802	happy-88	None	-1	0	None
20.959999	21.080000	517.444519	514.882507	520.006531	36.663265	31.946880	40.693134	20.959999	21.080000	35.378448	40.693134	36.033882	36.336731	31.946880	0	0	0	0	0	0	spn	sil	sil	"eI	1	XXNONVERBALXX	29.694572	35.789570	29.694572	35.789570	happy-88	None	-1	0	None
21.080000	21.119999	--undefined--	--undefined--	--undefined--	31.066870	27.653965	37.354065	21.080000	21.119999	31.946880	29.333504	27.653965	29.045933	37.354065	0	0	0	0	0	0	sil	spn	spn	"eI	1	.	20.914864	22.245218	20.914864	22.245218	happy-88	None	-1	0	None
21.119999	21.379999	408.047913	290.945587	525.150208	36.024143	31.313461	39.797096	21.119999	21.379999	37.354065	36.995308	32.487186	36.013866	32.813904	0	0	0	0	0	0	spn	sil	sil	"eI	1	XXNONVERBALXX	24.632950	31.433605	24.632950	31.433605	happy-88	None	-1	0	None
21.379999	21.400000	529.277344	529.277344	529.277344	31.287493	25.405582	35.642994	21.379999	21.400000	32.813904	32.813904	25.405582	25.405582	35.642994	0	0	0	0	0	0	sil	spn	spn	"eI	1	.	--undefined--	--undefined--	--undefined--	--undefined--	happy-88	None	-1	0	None
21.400000	21.520000	--undefined--	--undefined--	--undefined--	34.043320	30.996284	37.085670	21.400000	21.520000	35.642994	36.499851	32.170853	31.571238	30.996284	0	0	0	0	0	0	spn	sil	sil	"eI	1	XXNONVERBALXX	25.766008	27.266924	25.766008	27.266924	happy-88	None	-1	0	None
21.520000	22.330000	417.076843	339.306152	515.643799	29.002445	17.258366	41.397537	21.520000	22.330000	30.996284	40.790771	25.601561	27.150299	35.718758	0	0	0	0	0	0	sil	spn	spn	"eI	1	.	24.339331	33.434826	24.339331	33.434826	happy-88	None	-1	0	None
22.330000	22.430000	372.266052	372.011261	372.520813	36.190231	33.688625	37.900558	22.330000	22.430000	35.718758	37.900558	36.906460	34.486340	33.688625	0	0	0	0	0	0	spn	sil	sil	"eI	1	XXNONVERBALXX	21.468109	27.951454	21.468109	27.951454	happy-88	None	-1	0	None
22.430000	23.090000	435.146210	370.418396	677.363708	27.597658	18.149471	39.516411	22.430000	23.090000	33.688625	23.933163	28.616295	37.170692	31.234688	0	0	0	0	0	0	sil	spn	spn	"eI	1	.	22.654888	31.881443	22.654888	31.881443	happy-88	None	-1	0	None
23.090000	23.350000	551.658203	410.238190	693.078186	36.703266	31.234688	39.840553	23.090000	23.350000	31.234688	39.403881	39.053391	32.318024	35.404488	0	0	0	0	0	0	spn	sil	sil	"eI	1	XXNONVERBALXX	21.336952	26.964911	21.336952	26.964911	happy-88	None	-1	0	None
23.350000	23.449999	553.809204	517.955322	589.663147	29.419270	23.564140	36.743916	23.350000	23.449999	35.404488	23.564140	24.322006	35.691994	36.743916	0	0	0	0	0	0	sil	spn	spn	"eI	1	.	21.995911	28.089394	21.995911	28.089394	happy-88	None	-1	0	None
23.449999	23.600000	--undefined--	--undefined--	--undefined--	36.532604	31.449928	39.501526	23.449999	23.600000	36.743916	39.501526	31.449928	38.447952	33.582657	0	0	0	0	0	0	spn	sil	sil	"eI	1	XXNONVERBALXX	24.032627	30.635303	24.032627	30.635303	happy-88	None	-1	0	None
23.600000	24.148064	211.215515	80.779343	341.651672	20.948143	12.411255	35.672634	23.600000	24.148064	33.582657	20.539263	16.978525	18.816227	16.034515	0	0	0	0	0	0	sil	r\	spn	"eI	1	.	19.083727	31.404619	19.083727	31.404619	happy-88	None	-1	0	None
24.148064	24.178064	516.326355	516.326355	516.326355	14.650639	12.491136	16.034515	24.148064	24.178064	16.034515	12.491136	14.213933	15.862972	15.862972	0	0	0	0	0	0	r\	"eI	sil	"eI	1	rachel	19.379538	30.186289	9.025805	12.878842	happy-88	None	-5	0	None
24.178064	24.208065	--undefined--	--undefined--	--undefined--	23.583660	15.862972	32.026222	24.178064	24.208065	15.862972	24.432091	32.026222	22.013350	22.013350	0	0	0	0	0	0	"eI	tS	r\	"eI	2	rachel	19.379538	30.186289	16.712927	23.642284	happy-88	None	-4	0	None
24.208065	24.238064	--undefined--	--undefined--	--undefined--	35.111549	22.013350	46.112244	24.208065	24.238064	22.013350	32.155937	40.164661	46.112244	46.112244	0	0	0	0	0	0	tS	V	"eI	V	3	rachel	19.379538	30.186289	24.562267	25.482250	happy-88	None	-3	0	None
24.238064	24.268064	--undefined--	--undefined--	--undefined--	47.594147	46.112244	48.870506	24.238064	24.268064	46.112244	47.492104	47.901733	48.870506	48.870506	0	0	0	0	0	0	V	l	tS	V	4	rachel	19.379538	30.186289	25.598091	30.186289	happy-88	None	-2	0	None
24.268064	24.298065	--undefined--	--undefined--	--undefined--	49.869106	48.870506	50.410568	24.268064	24.298065	48.870506	49.988270	50.410568	50.207081	50.207081	0	0	0	0	0	0	l	m	V	"A	5	rachel	19.379538	30.186289	26.558376	30.186289	happy-88	None	-1	0	None
24.298065	24.328064	--undefined--	--undefined--	--undefined--	50.351704	49.777184	51.074581	24.298065	24.328064	50.207081	49.777184	50.347958	51.074581	51.074581	0	0	0	0	0	0	m	"A	l	"A	1	marty	27.644800	32.873341	26.804840	32.873341	happy-88	None	-5	0	None
24.328064	24.358063	--undefined--	--undefined--	--undefined--	49.897446	48.921822	51.074581	24.328064	24.358063	51.074581	50.401993	49.191399	48.921822	48.921822	0	0	0	0	0	0	"A	r\	m	"A	2	marty	27.644800	32.873341	26.842051	32.166523	happy-88	None	-4	0	None
24.358063	24.428064	--undefined--	--undefined--	--undefined--	45.841274	42.506287	48.921822	24.358063	24.428064	48.921822	47.592484	44.913174	43.562107	42.506287	0	0	0	0	0	0	r\	t	"A	i	3	marty	27.644800	32.873341	28.122492	32.166523	happy-88	None	-3	0	None
24.428064	24.458065	410.060638	410.060638	410.060638	41.998432	40.594696	42.875233	24.428064	24.458065	42.506287	42.875233	42.017513	40.594696	40.594696	0	0	0	0	0	0	t	i	r\	i	4	marty	27.644800	32.873341	23.062477	23.369398	happy-88	None	-2	0	None
24.458065	24.508064	481.046387	410.060638	516.725037	37.218510	32.284210	40.954636	24.458065	24.508064	40.594696	32.284210	35.349876	38.325768	40.954636	0	0	0	0	0	0	i	s	t	i	5	marty	27.644800	32.873341	27.415802	31.437141	happy-88	None	-1	0	None
24.508064	24.598064	589.319824	589.319824	589.319824	38.177551	28.683910	41.547817	24.508064	24.598064	40.954636	41.547817	39.688778	35.476460	28.683910	0	0	0	0	0	0	s	V	i	V	1	supreme	27.361883	33.957146	29.959087	30.911472	happy-88	None	-6	0	None
24.598064	24.628063	--undefined--	--undefined--	--undefined--	24.583084	21.239670	28.683910	24.598064	24.628063	28.683910	25.139999	23.268761	21.239670	21.239670	0	0	0	0	0	0	V	p	s	V	2	supreme	27.361883	33.957146	25.771065	29.006701	happy-88	None	-5	0	None
24.628063	24.658064	--undefined--	--undefined--	--undefined--	27.248158	21.239670	34.497173	24.628063	24.658064	21.239670	23.675367	29.580421	34.497173	34.497173	0	0	0	0	0	0	p	r\	V	"i	3	supreme	27.361883	33.957146	25.587494	25.587494	happy-88	None	-4	0	None
24.658064	24.698063	--undefined--	--undefined--	--undefined--	45.542213	34.497173	50.568153	24.658064	24.698063	34.497173	43.230270	49.295349	50.568153	50.120110	0	0	0	0	0	0	r\	"i	p	"i	4	supreme	27.361883	33.957146	--undefined--	--undefined--	happy-88	None	-3	0	None
24.698063	24.788063	--undefined--	--undefined--	--undefined--	50.825367	49.416756	52.653461	24.698063	24.788063	50.120110	50.228401	50.825073	52.653461	49.416756	0	0	0	0	0	0	"i	m	r\	"i	5	supreme	27.361883	33.957146	26.220350	33.957146	happy-88	None	-2	0	None
24.788063	24.818064	--undefined--	--undefined--	--undefined--	47.123440	46.058342	49.416756	24.788063	24.818064	49.416756	46.208328	46.058342	46.810333	46.810333	0	0	0	0	0	0	m	D	"i	V	6	supreme	27.361883	33.957146	27.814972	33.008713	happy-88	None	-1	0	None
24.818064	24.848064	--undefined--	--undefined--	--undefined--	46.417217	46.022549	46.810333	24.818064	24.848064	46.810333	46.245846	46.022549	46.590137	46.590137	0	0	0	0	0	0	D	V	m	V	1	the	30.054972	31.767429	30.970335	31.767429	happy-88	None	-2	0	None
24.848064	24.878063	--undefined--	--undefined--	--undefined--	46.006123	45.640682	46.590137	24.848064	24.878063	46.590137	45.640682	46.055069	45.738602	45.738602	0	0	0	0	0	0	V	V	D	V	2	the	30.054972	31.767429	29.326057	30.800772	happy-88	None	-1	0	None
24.878063	24.938065	--undefined--	--undefined--	--undefined--	43.132984	39.776146	45.953617	24.878063	24.938065	45.738602	44.983459	43.015896	40.976429	39.776146	0	0	0	0	0	0	V	f	V	V	1	official	26.675974	33.148014	28.200903	28.704552	happy-88	None	-6	0	None
24.938065	25.028065	318.260498	228.413300	408.107697	39.608814	37.988457	40.640545	24.938065	25.028065	39.776146	37.988457	39.027058	40.640545	39.620567	0	0	0	0	0	0	f	"I	V	"I	2	official	26.675974	33.148014	29.199179	33.148014	happy-88	None	-5	0	None
25.028065	25.058064	--undefined--	--undefined--	--undefined--	37.196770	34.934856	39.620567	25.028065	25.058064	39.620567	37.379566	36.852077	34.934856	34.934856	0	0	0	0	0	0	"I	S	f	"I	3	official	26.675974	33.148014	25.643753	26.721716	happy-88	None	-4	0	None
25.058064	25.088064	--undefined--	--undefined--	--undefined--	33.102982	31.904690	34.934856	25.058064	25.088064	34.934856	33.285652	31.904690	32.286728	32.286728	0	0	0	0	0	0	S	V	"I	V	4	official	26.675974	33.148014	24.844795	30.644749	happy-88	None	-3	0	None
25.088064	25.118065	--undefined--	--undefined--	--undefined--	24.685774	18.169304	32.286728	25.088064	25.118065	32.286728	26.326426	21.960642	18.169304	18.169304	0	0	0	0	0	0	V	l	S	V	5	official	26.675974	33.148014	26.121920	26.121920	happy-88	None	-2	0	None
25.118065	25.148064	--undefined--	--undefined--	--undefined--	17.588596	16.521610	18.169304	25.118065	25.148064	18.169304	16.521610	18.040730	17.622746	17.622746	0	0	0	0	0	0	l	sil	V	"A	6	official	26.675974	33.148014	17.416679	17.416679	happy-88	None	-1	0	None
25.148064	25.221752	--undefined--	--undefined--	--undefined--	23.866653	16.809622	43.797562	25.148064	25.221752	17.622746	18.792215	16.809622	23.097994	43.797562	0	0	0	0	0	0	sil	m	l	"A	1	.	20.792622	30.679169	20.792622	30.679169	happy-88	None	-1	0	None
25.221752	25.281752	--undefined--	--undefined--	--undefined--	43.267910	33.837791	46.828377	25.221752	25.281752	43.797562	45.908276	46.740501	44.811253	33.837791	0	0	0	0	0	0	m	"A	sil	"A	1	marty	27.597515	35.589207	21.348526	32.088886	happy-88	None	-4	0	None
25.281752	25.311752	--undefined--	--undefined--	--undefined--	34.317234	32.013367	36.554775	25.281752	25.311752	33.837791	33.837791	32.013367	34.862999	36.554775	0	0	0	0	0	0	"A	t	m	"A	2	marty	27.597515	35.589207	29.020824	29.020824	happy-88	None	-3	0	None
25.311752	25.351751	--undefined--	--undefined--	--undefined--	42.138184	36.554775	50.069241	25.311752	25.351751	36.554775	40.317551	41.745255	42.004086	50.069241	0	0	0	0	0	0	t	i	"A	i	3	marty	27.597515	35.589207	30.764484	34.325546	happy-88	None	-2	0	None
25.351751	25.381752	--undefined--	--undefined--	--undefined--	53.332436	50.069241	54.638771	25.351751	25.381752	50.069241	50.069241	54.170586	54.451160	54.638771	0	0	0	0	0	0	i	m	t	i	4	marty	27.597515	35.589207	30.186211	35.589207	happy-88	None	-1	0	None
25.381752	25.411753	--undefined--	--undefined--	--undefined--	53.705750	52.254242	54.638771	25.381752	25.411753	54.638771	54.638771	54.420990	53.509003	52.254242	0	0	0	0	0	0	m	"aU	i	"aU	1	mauser	29.688437	35.589207	33.326321	35.589207	happy-88	None	-4	0	None
25.411753	25.441751	--undefined--	--undefined--	--undefined--	50.356377	49.092628	52.254242	25.411753	25.441751	52.254242	52.254242	50.706997	49.371643	49.092628	0	0	0	0	0	0	"aU	s	m	"aU	2	mauser	29.688437	35.589207	30.579697	31.063433	happy-88	None	-3	0	None
25.441751	25.471752	--undefined--	--undefined--	--undefined--	46.356678	42.989151	49.092628	25.441751	25.471752	49.092628	49.092628	47.574722	45.770218	42.989151	0	0	0	0	0	0	s	E	"aU	E	3	mauser	29.688437	35.589207	26.033329	32.708988	happy-88	None	-2	0	None
25.471752	25.501753	520.452026	520.452026	520.452026	38.590771	34.367847	42.989151	25.471752	25.501753	42.989151	42.989151	40.535103	36.470985	34.367847	0	0	0	0	0	0	E	tS	s	E	4	mauser	29.688437	35.589207	29.315369	29.315369	happy-88	None	-1	0	None
25.501753	25.531752	--undefined--	--undefined--	--undefined--	38.367451	34.367847	44.151287	25.501753	25.531752	34.367847	34.367847	34.951004	39.999672	44.151287	0	0	0	0	0	0	tS	"{	E	"{	1	championship	22.860771	29.380085	28.338615	29.380085	happy-88	None	-10	0	None
25.531752	25.561752	--undefined--	--undefined--	--undefined--	44.565250	41.001862	47.166653	25.531752	25.561752	44.151287	44.151287	47.166653	45.941200	41.001862	0	0	0	0	0	0	"{	m	tS	"{	2	championship	22.860771	29.380085	27.540850	29.380085	happy-88	None	-9	0	None
25.561752	25.591753	--undefined--	--undefined--	--undefined--	33.574909	27.581936	41.001862	25.561752	25.591753	41.001862	41.001862	37.216087	28.499752	27.581936	0	0	0	0	0	0	m	p	"{	i	3	championship	22.860771	29.380085	25.146194	27.099483	happy-88	None	-8	0	None
25.591753	25.621752	--undefined--	--undefined--	--undefined--	30.713684	24.245049	40.486431	25.591753	25.621752	27.581936	27.581936	24.245049	30.541313	40.486431	0	0	0	0	0	0	p	i	m	i	4	championship	22.860771	29.380085	26.471535	28.236595	happy-88	None	-7	0	None
25.621752	25.651752	--undefined--	--undefined--	--undefined--	46.909145	40.486431	49.734482	25.621752	25.651752	40.486431	40.486431	49.242218	49.734482	48.173447	0	0	0	0	0	0	i	V	p	i	5	championship	22.860771	29.380085	28.723282	29.209969	happy-88	None	-6	0	None
25.651752	25.681753	--undefined--	--undefined--	--undefined--	47.009357	45.969318	48.173447	25.651752	25.681753	48.173447	48.173447	47.261005	46.633663	45.969318	0	0	0	0	0	0	V	n	i	V	6	championship	22.860771	29.380085	28.148914	28.148914	happy-88	None	-5	0	None
25.681753	25.711752	--undefined--	--undefined--	--undefined--	45.267517	43.716942	45.969318	25.681753	25.711752	45.969318	45.969318	45.901505	45.482315	43.716942	0	0	0	0	0	0	n	S	V	%I	7	championship	22.860771	29.380085	20.156136	26.362968	happy-88	None	-4	0	None
25.711752	25.741753	--undefined--	--undefined--	--undefined--	42.368069	40.735092	43.716942	25.711752	25.741753	43.716942	43.716942	42.989964	42.030266	40.735092	0	0	0	0	0	0	S	%I	n	%I	8	championship	22.860771	29.380085	19.091612	27.088478	happy-88	None	-3	0	None
25.741753	25.771753	--undefined--	--undefined--	--undefined--	37.864708	36.308006	40.735092	25.741753	25.771753	40.735092	40.735092	38.068928	36.346821	36.308006	0	0	0	0	0	0	%I	p	S	%I	9	championship	22.860771	29.380085	13.264285	24.868191	happy-88	None	-2	0	None
25.771753	25.801752	--undefined--	--undefined--	--undefined--	32.533882	27.124641	36.308006	25.771753	25.801752	36.308006	36.308006	35.129223	31.573669	27.124641	0	0	0	0	0	0	p	t	%I	"eI	10	championship	22.860771	29.380085	20.804487	26.855715	happy-88	None	-1	0	None
25.801752	25.831751	--undefined--	--undefined--	--undefined--	25.009914	22.010941	27.852924	25.801752	25.831751	27.124641	27.124641	23.051159	22.010941	27.852924	0	0	0	0	0	0	t	"eI	p	"eI	1	table	18.598467	25.381117	18.800549	20.576094	happy-88	None	-5	0	None
25.831751	25.861753	--undefined--	--undefined--	--undefined--	25.654421	19.992699	30.026829	25.831751	25.861753	27.852924	27.852924	30.026829	24.745234	19.992699	0	0	0	0	0	0	"eI	b	t	"eI	2	table	18.598467	25.381117	22.862625	25.381117	happy-88	None	-4	0	None
25.861753	25.891752	--undefined--	--undefined--	--undefined--	22.144194	19.605278	25.034143	25.861753	25.891752	19.992699	19.992699	19.605278	25.034143	23.944656	0	0	0	0	0	0	b	V	"eI	V	3	table	18.598467	25.381117	16.952621	16.952621	happy-88	None	-3	0	None
25.891752	25.921751	517.556946	517.556946	517.556946	19.676201	16.548807	23.944656	25.891752	25.921751	23.944656	23.944656	20.560326	17.651012	16.548807	0	0	0	0	0	0	V	l	b	V	4	table	18.598467	25.381117	15.591271	15.905279	happy-88	None	-2	0	None
25.921751	26.001753	--undefined--	--undefined--	--undefined--	5.703901	-49.727066	17.156322	25.921751	26.001753	16.548807	15.171195	14.769139	12.534999	-49.727066	0	0	0	0	0	0	l	sil	V	"E	5	table	18.598467	25.381117	17.905054	21.293819	happy-88	None	-1	0	None
26.001753	27.081379	--undefined--	--undefined--	--undefined--	-272.028595	-300.000000	38.098854	26.001753	27.081379	-49.727066	-300.000000	-300.000000	-300.000000	38.098854	0	0	0	0	0	0	sil	t	l	"E	1	.	10.053913	23.671104	10.053913	23.671104	happy-88	None	-1	0	None
27.081379	27.181377	--undefined--	--undefined--	--undefined--	45.005390	37.389000	56.125599	27.081379	27.181377	38.098854	38.636349	45.261124	43.473961	53.754314	0	0	0	0	0	0	t	"E	sil	"E	1	tennis	28.707060	34.073719	29.817987	34.073719	happy-88	None	-5	0	None
27.181377	27.221378	410.490936	410.490936	410.490936	48.778839	44.136612	53.754314	27.181377	27.221378	53.754314	53.004364	48.539085	44.136612	44.459824	0	0	0	0	0	0	"E	n	t	"E	2	tennis	28.707060	34.073719	32.551575	33.953594	happy-88	None	-4	0	None
27.221378	27.251377	--undefined--	--undefined--	--undefined--	43.461151	39.455799	46.408634	27.221378	27.251377	44.459824	44.459824	46.408634	43.520355	39.455799	0	0	0	0	0	0	n	V	"E	V	3	tennis	28.707060	34.073719	29.909561	31.337383	happy-88	None	-3	0	None
27.251377	27.331377	--undefined--	--undefined--	--undefined--	40.140358	31.899950	51.304661	27.251377	27.331377	39.455799	31.899950	34.097710	46.777237	49.348789	0	0	0	0	0	0	V	s	n	V	4	tennis	28.707060	34.073719	26.728745	31.337383	happy-88	None	-2	0	None
27.331377	27.361378	--undefined--	--undefined--	--undefined--	50.887310	45.899307	58.654514	27.331377	27.361378	49.348789	49.348789	45.899307	49.646641	58.654514	0	0	0	0	0	0	s	b	V	"O	5	tennis	28.707060	34.073719	--undefined--	--undefined--	happy-88	None	-1	0	None
27.361378	27.391376	691.897461	691.897461	691.897461	38.127338	21.587971	58.654514	27.361378	27.391376	58.654514	58.654514	45.387299	26.879574	21.587971	0	0	0	0	0	0	b	"O	s	"O	1	ball	22.221418	25.424068	25.424068	25.424068	happy-88	None	-3	0	None
27.391376	27.421379	592.514954	592.514954	592.514954	22.715580	21.287413	24.553314	27.391376	27.421379	21.587971	21.587971	23.433620	24.553314	21.287413	0	0	0	0	0	0	"O	l	b	"O	2	ball	22.221418	25.424068	22.221418	25.424068	happy-88	None	-2	0	None
27.421379	27.451378	511.868439	511.868439	511.868439	23.676062	19.739141	33.657890	27.421379	27.451378	21.287413	21.287413	20.019800	19.739141	33.657890	0	0	0	0	0	0	l	p	"O	V	3	ball	22.221418	25.424068	--undefined--	--undefined--	happy-88	None	-1	0	None
27.451378	27.491379	--undefined--	--undefined--	--undefined--	42.470161	33.657890	51.435150	27.451378	27.491379	33.657890	39.728436	41.558613	45.970722	51.435150	0	0	0	0	0	0	p	r\	l	V	1	professionally	27.723383	33.572525	24.460470	24.460470	happy-88	None	-10	0	None
27.491379	27.551376	520.244812	340.345520	700.144104	48.933994	42.051437	53.526451	27.491379	27.551376	51.435150	53.526451	50.022858	49.008183	42.051437	0	0	0	0	0	0	r\	V	p	V	2	professionally	27.723383	33.572525	28.642319	29.902487	happy-88	None	-9	0	None
27.551376	27.601377	340.345520	340.345520	340.345520	45.297504	42.051437	46.926483	27.551376	27.601377	42.051437	46.926483	46.127647	45.008167	45.951958	0	0	0	0	0	0	V	f	r\	V	3	professionally	27.723383	33.572525	29.794842	29.794842	happy-88	None	-8	0	None
27.601377	27.631378	697.222229	697.222229	697.222229	45.364491	44.587536	45.951958	27.601377	27.631378	45.951958	45.951958	45.416489	45.501968	44.587536	0	0	0	0	0	0	f	"E	V	"E	4	professionally	27.723383	33.572525	25.729343	25.729343	happy-88	None	-7	0	None
27.631378	27.661377	--undefined--	--undefined--	--undefined--	42.644196	40.341125	44.587536	27.631378	27.661377	44.587536	44.587536	44.323803	41.324314	40.341125	0	0	0	0	0	0	"E	S	f	"E	5	professionally	27.723383	33.572525	26.244665	31.478388	happy-88	None	-6	0	None
27.661377	27.691378	--undefined--	--undefined--	--undefined--	39.197723	36.693520	41.887169	27.661377	27.691378	40.341125	40.341125	41.887169	37.869068	36.693520	0	0	0	0	0	0	S	n	"E	V	6	professionally	27.723383	33.572525	26.899494	27.676353	happy-88	None	-5	0	None
27.691378	27.721378	--undefined--	--undefined--	--undefined--	42.746078	36.693520	48.856850	27.691378	27.721378	36.693520	36.693520	37.919304	47.514652	48.856850	0	0	0	0	0	0	n	V	S	V	7	professionally	27.723383	33.572525	29.765493	29.765493	happy-88	None	-4	0	None
27.721378	27.751377	--undefined--	--undefined--	--undefined--	53.139252	48.856850	55.683830	27.721378	27.751377	48.856850	48.856850	55.683830	55.672932	52.343391	0	0	0	0	0	0	V	l	n	V	8	professionally	27.723383	33.572525	28.421249	29.514473	happy-88	None	-3	0	None
27.751377	27.781378	--undefined--	--undefined--	--undefined--	50.624664	49.668762	52.343391	27.751377	27.781378	52.343391	52.343391	49.668762	50.730091	49.756401	0	0	0	0	0	0	l	i	V	i	9	professionally	27.723383	33.572525	27.521509	33.572525	happy-88	None	-2	0	None
27.781378	27.811378	697.390991	697.390991	697.390991	49.090450	48.146042	49.756401	27.781378	27.811378	49.756401	49.756401	49.712444	48.746918	48.146042	0	0	0	0	0	0	i	m	l	i	10	professionally	27.723383	33.572525	27.106934	31.077585	happy-88	None	-1	0	None
27.811378	27.841377	--undefined--	--undefined--	--undefined--	47.214912	46.501106	48.146042	27.811378	27.841377	48.146042	48.146042	47.524040	46.688454	46.501106	0	0	0	0	0	0	m	"eI	i	"eI	1	made	29.095879	32.805408	29.208406	32.805408	happy-88	None	-3	0	None
27.841377	27.901379	--undefined--	--undefined--	--undefined--	44.351227	39.241657	47.685516	27.841377	27.901379	46.501106	46.563210	47.447227	42.819527	39.241657	0	0	0	0	0	0	"eI	d	m	"eI	2	made	29.095879	32.805408	--undefined--	--undefined--	happy-88	None	-2	0	None
27.901379	27.971378	--undefined--	--undefined--	--undefined--	35.037025	29.554701	39.241657	27.901379	27.971378	39.241657	39.113308	35.732162	32.220108	32.135628	0	0	0	0	0	0	d	"O	"eI	"O	3	made	29.095879	32.805408	28.758295	28.758295	happy-88	None	-1	0	None
27.971378	28.001377	--undefined--	--undefined--	--undefined--	42.070847	32.135628	51.474766	27.971378	28.001377	32.135628	32.135628	37.365673	47.307323	51.474766	0	0	0	0	0	0	"O	r\	d	"O	1	orange	29.875221	32.900322	32.900322	32.900322	happy-88	None	-5	0	None
28.001377	28.031378	672.434448	672.434448	672.434448	49.215271	48.009644	51.474766	28.001377	28.031378	51.474766	51.474766	49.318638	48.009644	48.058044	0	0	0	0	0	0	r\	I	"O	I	2	orange	29.875221	32.900322	27.395096	29.510548	happy-88	None	-4	0	None
28.031378	28.061378	--undefined--	--undefined--	--undefined--	47.691238	46.906441	48.058044	28.031378	28.061378	48.058044	48.058044	47.986664	47.813797	46.906441	0	0	0	0	0	0	I	n	r\	I	3	orange	29.875221	32.900322	30.409355	31.033714	happy-88	None	-3	0	None
28.061378	28.091377	--undefined--	--undefined--	--undefined--	47.198891	46.906441	47.386955	28.061378	28.091377	46.906441	46.906441	47.208839	47.386955	47.293339	0	0	0	0	0	0	n	dZ	I	"O	4	orange	29.875221	32.900322	30.170395	31.541859	happy-88	None	-2	0	None
28.091377	28.131378	246.722549	246.722549	246.722549	47.886372	47.293339	48.214325	28.091377	28.131378	47.293339	47.843216	47.906528	48.174446	48.214325	0	0	0	0	0	0	dZ	"O	n	"O	5	orange	29.875221	32.900322	30.810900	32.773777	happy-88	None	-1	0	None
28.131378	28.161377	--undefined--	--undefined--	--undefined--	48.650818	48.214325	49.627403	28.131378	28.161377	48.214325	48.214325	48.230492	48.531059	49.627403	0	0	0	0	0	0	"O	r\	dZ	"O	1	orange	28.276167	33.459404	28.655470	32.458748	surprised-88	None	-5	0	None
28.161377	28.191378	515.492004	515.492004	515.492004	49.312336	48.260941	50.005592	28.161377	28.191378	49.627403	49.627403	50.005592	49.355408	48.260941	0	0	0	0	0	0	r\	V	"O	V	2	orange	28.276167	33.459404	29.461771	33.459404	surprised-88	None	-4	0	None
28.191378	28.221378	--undefined--	--undefined--	--undefined--	46.176846	44.147266	48.260941	28.191378	28.221378	48.260941	48.260941	46.784592	44.147266	45.514584	0	0	0	0	0	0	V	n	r\	V	3	orange	28.276167	33.459404	25.253269	28.039379	surprised-88	None	-3	0	None
28.221378	28.321377	661.137878	661.137878	661.137878	46.654491	40.033455	49.899750	28.221378	28.321377	45.514584	47.361279	48.940018	48.006500	40.033455	0	0	0	0	0	0	n	dZ	V	"I	4	orange	28.276167	33.459404	28.166468	31.250841	surprised-88	None	-2	0	None
28.321377	28.351377	463.406525	409.443054	517.369995	44.968773	40.033455	49.211994	28.321377	28.351377	40.033455	40.033455	42.167072	49.211994	48.462566	0	0	0	0	0	0	dZ	s	n	"I	5	orange	28.276167	33.459404	28.422188	28.422188	surprised-88	None	-1	0	None
28.351377	28.381378	409.443054	409.443054	409.443054	44.284538	41.337910	48.462566	28.351377	28.381378	48.462566	48.462566	43.871490	43.466183	41.337910	0	0	0	0	0	0	s	f	dZ	"I	1	spheres	28.895969	36.387794	32.180618	36.387794	surprised-88	None	-4	0	None
28.381378	28.441378	408.209137	408.209137	408.209137	45.601627	40.213856	49.882584	28.381378	28.441378	41.337910	40.213856	49.882584	45.810589	49.048061	0	0	0	0	0	0	f	"I	s	"I	2	spheres	28.895969	36.387794	17.806009	17.806009	surprised-88	None	-3	0	None
28.441378	28.481377	--undefined--	--undefined--	--undefined--	48.334309	46.959038	49.104843	28.441378	28.481377	49.048061	49.104843	48.415485	48.144115	46.959038	0	0	0	0	0	0	"I	z	f	"I	3	spheres	28.895969	36.387794	31.038452	31.038452	surprised-88	None	-2	0	None
28.481377	28.511377	--undefined--	--undefined--	--undefined--	45.046898	43.577045	46.959038	28.481377	28.511377	46.959038	46.959038	45.547794	44.103718	43.577045	0	0	0	0	0	0	z	j	"I	"U	4	spheres	28.895969	36.387794	28.442730	31.921167	surprised-88	None	-1	0	None
28.511377	28.541378	--undefined--	--undefined--	--undefined--	47.637253	43.577045	53.890720	28.511377	28.541378	43.577045	43.577045	47.359852	53.890720	45.721394	0	0	0	0	0	0	j	"U	z	"U	1	you	--undefined--	--undefined--	--undefined--	--undefined--	surprised-88	None	-2	0	None
28.541378	28.571377	--undefined--	--undefined--	--undefined--	41.994213	39.279346	45.721394	28.541378	28.571377	45.721394	45.721394	41.609055	41.367073	39.279346	0	0	0	0	0	0	"U	k	j	"U	2	you	--undefined--	--undefined--	--undefined--	--undefined--	surprised-88	None	-1	0	None
28.571377	28.601377	--undefined--	--undefined--	--undefined--	42.589088	39.279346	45.845177	28.571377	28.601377	39.279346	39.279346	40.951611	44.280209	45.845177	0	0	0	0	0	0	k	"eI	"U	"eI	1	came	25.697159	32.018265	30.375647	32.018265	surprised-88	None	-3	0	None
28.601377	28.631378	--undefined--	--undefined--	--undefined--	42.818897	39.594273	45.845177	28.601377	28.631378	45.845177	45.845177	42.803284	43.032856	39.594273	0	0	0	0	0	0	"eI	m	k	"eI	2	came	25.697159	32.018265	28.047018	31.432579	surprised-88	None	-2	0	None
28.631378	28.721378	--undefined--	--undefined--	--undefined--	31.375370	21.734335	39.594273	28.631378	28.721378	39.594273	38.417728	35.448109	26.509098	21.734335	0	0	0	0	0	0	m	sil	"eI	"V	3	came	25.697159	32.018265	22.101645	30.260237	surprised-88	None	-1	0	None
28.721378	28.751377	643.772827	588.229309	699.316345	21.247898	20.185410	22.193714	28.721378	28.751377	21.734335	21.734335	22.193714	20.185410	20.878134	0	0	0	0	0	0	sil	"V	m	"V	1	.	18.097593	20.765728	18.097593	20.765728	surprised-88	None	-1	0	None
28.751377	28.841377	699.316345	699.316345	699.316345	41.955322	20.050146	54.632359	28.751377	28.841377	20.878134	27.723234	44.357834	54.378052	50.101131	0	0	0	0	0	0	"V	p	sil	"V	1	up	22.267649	33.033562	19.376406	29.547033	surprised-88	None	-2	0	None
28.841377	28.871378	--undefined--	--undefined--	--undefined--	49.354515	48.443352	50.101131	28.841377	28.871378	50.101131	50.101131	48.443352	49.474106	49.399475	0	0	0	0	0	0	p	w	"V	I	2	up	22.267649	33.033562	30.056244	33.033562	surprised-88	None	-1	0	None
28.871378	28.901379	--undefined--	--undefined--	--undefined--	48.861465	48.043709	49.399475	28.871378	28.901379	49.399475	49.399475	49.233555	48.769115	48.043709	0	0	0	0	0	0	w	I	p	I	1	with	28.889013	32.442963	28.247566	29.563999	surprised-88	None	-3	0	None
28.901379	28.931377	--undefined--	--undefined--	--undefined--	48.128372	47.922264	48.466957	28.901379	28.931377	48.043709	48.043709	47.922264	48.080574	48.466957	0	0	0	0	0	0	I	D	w	I	2	with	28.889013	32.442963	28.095388	30.286415	surprised-88	None	-2	0	None
28.931377	28.961378	--undefined--	--undefined--	--undefined--	48.681377	48.406223	48.928345	28.931377	28.961378	48.466957	48.466957	48.923985	48.928345	48.406223	0	0	0	0	0	0	D	D	I	V	3	with	28.889013	32.442963	29.863239	32.442963	surprised-88	None	-1	0	None
28.961378	28.991379	--undefined--	--undefined--	--undefined--	45.062241	40.222260	48.406223	28.961378	28.991379	48.406223	48.406223	47.127480	44.492992	40.222260	0	0	0	0	0	0	D	V	D	V	1	that	26.042017	27.627132	27.539648	27.627132	surprised-88	None	-3	0	None
28.991379	29.021378	516.169128	516.169128	516.169128	39.385612	37.820892	40.222260	28.991379	29.021378	40.222260	40.222260	39.686020	39.813274	37.820892	0	0	0	0	0	0	V	t	D	V	2	that	26.042017	27.627132	23.860363	23.860363	surprised-88	None	-2	0	None
29.021378	29.051376	--undefined--	--undefined--	--undefined--	33.062073	30.030249	37.820892	29.021378	29.051376	37.820892	37.820892	33.257664	30.030249	31.139484	0	0	0	0	0	0	t	D	V	"{	3	that	26.042017	27.627132	25.635216	27.297279	surprised-88	None	-1	0	None
29.051376	29.091377	--undefined--	--undefined--	--undefined--	44.606956	31.139484	53.354240	29.051376	29.091377	31.139484	42.593002	45.598358	50.349697	53.354240	0	0	0	0	0	0	D	"{	t	"{	1	that's	31.784189	39.613262	25.030420	25.030420	happy-96	None	-4	0	None
29.091377	29.121378	--undefined--	--undefined--	--undefined--	50.341717	46.931042	53.354240	29.091377	29.121378	53.354240	53.354240	52.496574	48.585014	46.931042	0	0	0	0	0	0	"{	t	D	"{	2	that's	31.784189	39.613262	21.945801	21.945801	happy-96	None	-3	0	None
29.121378	29.221378	--undefined--	--undefined--	--undefined--	44.685093	40.154640	48.860901	29.121378	29.221378	46.931042	48.860901	44.852737	40.154640	43.433453	0	0	0	0	0	0	t	s	"{	"I	3	that's	31.784189	39.613262	28.728901	31.720058	happy-96	None	-2	0	None
29.221378	29.361378	340.289307	340.289307	340.289307	45.805599	25.443335	56.129879	29.221378	29.361378	43.433453	51.026222	51.541298	43.521877	25.443335	0	0	0	0	0	0	s	p	t	"I	4	that's	31.784189	39.613262	35.325150	39.613262	happy-96	None	-1	0	None
29.361378	29.391376	--undefined--	--undefined--	--undefined--	26.919827	20.159082	36.942513	29.361378	29.391376	25.443335	25.443335	25.134380	20.159082	36.942513	0	0	0	0	0	0	p	r\	s	"I	1	pretty	28.343880	33.016705	26.625038	26.625038	happy-96	None	-5	0	None
29.391376	29.421379	--undefined--	--undefined--	--undefined--	48.531994	36.942513	54.840412	29.391376	29.421379	36.942513	36.942513	48.923088	54.840412	53.421970	0	0	0	0	0	0	r\	"I	p	"I	2	pretty	28.343880	33.016705	30.523790	33.016705	happy-96	None	-4	0	None
29.421379	29.451378	--undefined--	--undefined--	--undefined--	50.766525	48.552643	53.421970	29.421379	29.451378	53.421970	53.421970	51.472549	49.618946	48.552643	0	0	0	0	0	0	"I	t	r\	"I	3	pretty	28.343880	33.016705	30.742451	32.972881	happy-96	None	-3	0	None
29.451378	29.481377	--undefined--	--undefined--	--undefined--	48.580265	48.380970	48.933239	29.451378	29.481377	48.552643	48.552643	48.454205	48.380970	48.933239	0	0	0	0	0	0	t	i	"I	i	4	pretty	28.343880	33.016705	26.471722	28.512018	happy-96	None	-2	0	None
29.481377	29.511377	--undefined--	--undefined--	--undefined--	49.500301	48.933239	49.810074	29.481377	29.511377	48.933239	48.933239	49.476849	49.781052	49.810074	0	0	0	0	0	0	i	g	t	i	5	pretty	28.343880	33.016705	24.046799	24.663782	happy-96	None	-1	0	None
29.511377	29.541378	--undefined--	--undefined--	--undefined--	48.563160	47.340626	49.810074	29.511377	29.541378	49.810074	49.810074	48.739990	48.361946	47.340626	0	0	0	0	0	0	g	"U	i	"U	1	good	23.513248	31.128731	25.372374	31.128731	happy-96	None	-3	0	None
29.541378	29.581375	515.255249	515.255249	515.255249	45.158234	42.110672	47.340626	29.541378	29.581375	47.340626	45.410049	45.659180	45.270649	42.110672	0	0	0	0	0	0	"U	d	g	"U	2	good	23.513248	31.128731	24.642979	29.959288	happy-96	None	-2	0	None
29.581375	29.611378	--undefined--	--undefined--	--undefined--	37.627777	33.997162	42.110672	29.581375	29.611378	42.110672	42.110672	38.548286	35.854996	33.997162	0	0	0	0	0	0	d	d	"U	"{	3	good	23.513248	31.128731	19.505445	28.806328	happy-96	None	-1	0	None
29.611378	29.641376	--undefined--	--undefined--	--undefined--	33.081421	32.458454	33.997162	29.611378	29.641376	33.997162	33.997162	32.497486	32.458454	33.372585	0	0	0	0	0	0	d	"{	d	"{	1	damn	22.700788	27.020216	26.030045	27.020216	surprised-92	None	-3	0	None
29.641376	29.671379	370.459290	370.459290	370.459290	34.569996	33.372585	37.305500	29.641376	29.671379	33.372585	33.372585	33.981861	33.620041	37.305500	0	0	0	0	0	0	"{	m	d	"{	2	damn	22.700788	27.020216	22.428898	25.655348	surprised-92	None	-2	0	None
29.671379	29.701378	370.459290	370.459290	370.459290	33.437969	27.191517	37.305500	29.671379	29.701378	37.305500	37.305500	36.531387	32.723476	27.191517	0	0	0	0	0	0	m	D	"{	I	3	damn	22.700788	27.020216	19.456070	20.477283	surprised-92	None	-1	0	None
29.701378	29.741379	455.395111	453.485229	457.304993	26.866852	23.972374	30.026722	29.701378	29.741379	27.191517	23.972374	30.026722	27.640327	25.503313	0	0	0	0	0	0	D	I	m	I	1	this	16.803356	19.571049	--undefined--	--undefined--	surprised-92	None	-3	0	None
29.741379	29.771378	453.485229	453.485229	453.485229	22.200453	19.256195	25.503313	29.741379	29.771378	25.503313	25.503313	23.977108	20.065195	19.256195	0	0	0	0	0	0	I	s	D	I	2	this	16.803356	19.571049	15.419510	15.643105	surprised-92	None	-2	0	None
29.771378	29.801376	518.339844	518.339844	518.339844	19.220268	17.915743	20.192051	29.771378	29.801376	19.256195	19.256195	19.517084	20.192051	17.915743	0	0	0	0	0	0	s	I	I	I	3	this	16.803356	19.571049	17.607077	19.571049	surprised-92	None	-1	0	None
29.801376	29.831379	--undefined--	--undefined--	--undefined--	18.199440	17.850796	19.031799	29.801376	29.831379	17.915743	17.915743	19.031799	17.850796	17.999424	0	0	0	0	0	0	I	z	s	I	1	is	15.844808	21.543915	10.145700	10.145700	surprised-92	None	-2	0	None
29.831379	29.861378	459.227020	459.227020	459.227020	17.975506	15.999747	20.063423	29.831379	29.861378	17.999424	17.999424	15.999747	20.063423	17.839428	0	0	0	0	0	0	z	sil	I	V	2	is	15.844808	21.543915	21.543915	21.543915	surprised-92	None	-1	0	None
29.861378	30.507626	502.439362	409.069977	672.639893	13.989524	8.554772	18.351219	29.861378	30.507626	17.839428	13.753190	16.102791	10.565447	13.902778	0	0	0	0	0	0	sil	V	z	V	1	.	15.056951	20.961473	15.056951	20.961473	surprised-92	None	-1	0	None
30.507626	30.617626	--undefined--	--undefined--	--undefined--	37.926472	13.902778	53.184647	30.507626	30.617626	13.902778	21.910809	50.321213	51.670929	48.190689	0	0	0	0	0	0	V	m	sil	V	1	i'm	28.066637	33.533569	29.272865	33.071476	surprised-92	None	-2	0	None
30.617626	30.667625	--undefined--	--undefined--	--undefined--	45.224457	39.300446	48.190689	30.617626	30.667625	48.190689	47.516155	46.112423	42.064968	39.300446	0	0	0	0	0	0	m	s	V	"V	2	i'm	28.066637	33.533569	26.913183	33.533569	surprised-92	None	-1	0	None
30.667625	30.797626	--undefined--	--undefined--	--undefined--	42.765564	23.281317	50.885910	30.667625	30.797626	39.300446	50.474739	46.677017	45.761127	23.281317	0	0	0	0	0	0	s	t	m	"V	1	stunned	29.508776	35.257534	31.260355	35.257534	surprised-92	None	-5	0	None
30.797626	30.857628	--undefined--	--undefined--	--undefined--	39.451012	22.505779	53.531342	30.797626	30.857628	23.281317	30.813023	43.511650	52.787560	49.726410	0	0	0	0	0	0	t	"V	s	"V	2	stunned	29.508776	35.257534	27.509972	31.377535	surprised-92	None	-4	0	None
30.857628	30.917625	516.848450	516.848450	516.848450	48.509159	47.097649	49.726410	30.857628	30.917625	49.726410	48.589405	48.857399	48.053749	47.097649	0	0	0	0	0	0	"V	n	t	"V	3	stunned	29.508776	35.257534	29.342804	31.377535	surprised-92	None	-3	0	None
30.917625	30.947628	--undefined--	--undefined--	--undefined--	47.542950	47.097649	48.212357	30.917625	30.947628	47.097649	47.541088	47.320702	48.212357	48.212357	0	0	0	0	0	0	n	d	"V	"aI	4	stunned	29.508776	35.257534	28.439629	30.051529	surprised-92	None	-2	0	None
30.947628	30.977627	--undefined--	--undefined--	--undefined--	47.384853	46.473816	48.212357	30.947628	30.977627	48.212357	47.938965	46.914272	46.473816	46.473816	0	0	0	0	0	0	d	"aI	n	"aI	5	stunned	29.508776	35.257534	23.639849	27.719963	surprised-92	None	-1	0	None
30.977627	31.037628	--undefined--	--undefined--	--undefined--	42.888447	35.752708	46.473816	30.977627	31.037628	46.473816	45.268307	44.649483	40.139107	35.752708	0	0	0	0	0	0	"aI	m	d	"aI	1	i'm	23.131912	29.712349	29.705847	29.712349	surprised-92	None	-2	0	None
31.037628	31.097626	--undefined--	--undefined--	--undefined--	33.587513	30.244637	38.927219	31.037628	31.097626	35.752708	34.515984	30.385275	30.244637	31.540440	0	0	0	0	0	0	m	s	"aI	"V	2	i'm	23.131912	29.712349	16.557976	18.051922	surprised-92	None	-1	0	None
31.097626	31.127628	--undefined--	--undefined--	--undefined--	32.694420	31.540440	33.551823	31.097626	31.127628	31.540440	32.173584	33.511829	33.551823	33.551823	0	0	0	0	0	0	s	t	m	"V	1	stunned	21.592770	25.589767	25.589767	25.589767	surprised-92	None	-5	0	None
31.127628	31.157627	--undefined--	--undefined--	--undefined--	30.469837	28.211500	33.551823	31.127628	31.157627	33.551823	30.577133	29.538898	28.211500	28.211500	0	0	0	0	0	0	t	"V	s	"V	2	stunned	21.592770	25.589767	24.611032	24.611032	surprised-92	None	-4	0	None
31.157627	31.187626	--undefined--	--undefined--	--undefined--	22.625027	19.519245	28.211500	31.157627	31.187626	28.211500	22.991329	19.778034	19.519245	19.519245	0	0	0	0	0	0	"V	n	t	"V	3	stunned	21.592770	25.589767	20.186745	20.186745	surprised-92	None	-3	0	None
31.187626	31.217628	--undefined--	--undefined--	--undefined--	18.693562	15.705650	22.147924	31.187626	31.217628	19.519245	22.147924	17.401426	15.705650	15.705650	0	0	0	0	0	0	n	d	"V	"u	4	stunned	21.592770	25.589767	17.464430	20.186745	surprised-92	None	-2	0	None
31.217628	31.247627	--undefined--	--undefined--	--undefined--	16.600851	14.689804	18.901098	31.217628	31.247627	15.705650	18.901098	17.106848	14.689804	14.689804	0	0	0	0	0	0	d	sil	n	"u	5	stunned	21.592770	25.589767	22.834188	22.834188	surprised-92	None	-1	0	None
31.247627	32.659630	471.532166	367.255432	593.101746	-187.315628	-300.000000	29.730179	31.247627	32.659630	14.689804	15.654794	-300.000000	-300.000000	28.800287	0	0	0	0	0	0	sil	j	d	"u	1	.	17.057878	22.834188	17.057878	22.834188	surprised-92	None	-1	0	None
32.659630	32.719627	409.642670	409.642670	409.642670	37.874756	23.686474	50.601711	32.659630	32.719627	28.800287	28.679035	37.520123	50.014519	50.601711	0	0	0	0	0	0	j	"u	sil	"u	1	you	22.821747	26.445225	24.043919	24.235107	surprised-92	None	-2	0	None
32.719627	32.759628	--undefined--	--undefined--	--undefined--	44.501049	41.258930	50.601711	32.719627	32.759628	50.601711	46.175438	41.258930	42.081406	42.387764	0	0	0	0	0	0	"u	d	j	"u	2	you	22.821747	26.445225	22.210659	26.445225	surprised-92	None	-1	0	None
32.759628	32.909630	--undefined--	--undefined--	--undefined--	41.848293	33.379662	51.030174	32.759628	32.909630	42.387764	33.379662	41.210934	45.404415	51.030174	0	0	0	0	0	0	d	r\	"u	"u	1	drew	25.199518	38.062225	25.063293	38.062225	surprised-92	None	-3	0	None
32.909630	33.019627	340.452148	340.452148	340.452148	47.512112	41.816460	51.163082	32.909630	33.019627	51.030174	50.266914	48.887276	43.137745	42.334118	0	0	0	0	0	0	r\	"u	d	"u	2	drew	25.199518	38.062225	24.621088	36.600677	surprised-92	None	-2	0	None
33.019627	33.099628	--undefined--	--undefined--	--undefined--	44.077164	41.612530	46.637047	33.019627	33.099628	42.334118	44.801388	45.388214	45.304085	42.820721	0	0	0	0	0	0	"u	D	r\	"u	3	drew	25.199518	38.062225	25.843641	30.787916	surprised-92	None	-1	0	None
33.099628	33.129627	--undefined--	--undefined--	--undefined--	46.311447	42.820721	48.157879	33.099628	33.129627	42.820721	46.731075	48.157879	47.536118	47.536118	0	0	0	0	0	0	D	"I	"u	"I	1	this	31.602354	41.832066	--undefined--	--undefined--	surprised-92	None	-3	0	None
33.129627	33.279629	--undefined--	--undefined--	--undefined--	43.271606	35.910984	50.511528	33.129627	33.279629	47.536118	50.511528	43.698502	35.910984	43.424232	0	0	0	0	0	0	"I	s	D	"I	2	this	31.602354	41.832066	32.749619	38.825962	surprised-92	None	-2	0	None
33.279629	33.469627	--undefined--	--undefined--	--undefined--	36.002102	17.713339	47.708591	33.279629	33.469627	43.424232	41.213669	43.140991	24.537479	17.713339	0	0	0	0	0	0	s	sil	"I	"I	3	this	31.602354	41.832066	30.646296	41.832066	surprised-92	None	-1	0	None
33.469627	33.981003	410.660461	410.660461	410.660461	-218.895035	-300.000000	24.164402	33.469627	33.981003	17.713339	-300.000000	-300.000000	-300.000000	22.464043	0	0	0	0	0	0	sil	"I	s	"I	1	.	16.814608	24.105637	16.814608	24.105637	surprised-92	None	-1	0	None
33.981003	34.041004	--undefined--	--undefined--	--undefined--	40.637829	22.464043	50.455799	33.981003	34.041004	22.464043	32.062748	50.455799	49.299931	39.558250	0	0	0	0	0	0	"I	t	sil	"I	1	it's	26.109327	35.778358	24.831352	30.647182	happy-98	None	-3	0	None
34.041004	34.081001	230.995605	230.995605	230.995605	37.861076	32.367115	40.910210	34.041004	34.081001	39.558250	32.367115	36.252022	40.910210	40.217796	0	0	0	0	0	0	t	s	"I	I	2	it's	26.109327	35.778358	26.539719	27.769451	happy-98	None	-2	0	None
34.081001	34.161003	466.946350	466.946350	466.946350	43.962723	40.217796	50.983246	34.081001	34.161003	40.217796	50.983246	46.177124	41.864861	44.772278	0	0	0	0	0	0	s	I	t	I	3	it's	26.109327	35.778358	26.716633	35.778358	happy-98	None	-1	0	None
34.161003	34.191002	466.946350	466.946350	466.946350	43.441231	40.202465	45.812069	34.161003	34.191002	44.772278	44.772278	45.812069	42.978100	40.202465	0	0	0	0	0	0	I	n	s	I	1	inspired	25.591686	34.687447	29.482124	30.021181	happy-98	None	-7	0	None
34.191002	34.251003	--undefined--	--undefined--	--undefined--	41.173988	40.202465	42.060905	34.191002	34.251003	40.202465	41.051159	40.999828	41.357887	41.383480	0	0	0	0	0	0	n	s	I	"aI	2	inspired	25.591686	34.687447	30.170889	34.687447	happy-98	None	-6	0	None
34.251003	34.371002	422.868500	291.914795	553.822205	40.453323	24.389168	50.728760	34.251003	34.371002	41.383480	41.098309	42.454498	39.868401	24.389168	0	0	0	0	0	0	s	p	n	"aI	3	inspired	25.591686	34.687447	26.961418	32.669891	happy-98	None	-5	0	None
34.371002	34.451004	412.733063	412.733063	412.733063	36.218876	20.214046	52.821198	34.371002	34.451004	24.389168	20.505348	38.645454	52.821198	45.969269	0	0	0	0	0	0	p	"aI	s	"aI	4	inspired	25.591686	34.687447	23.821379	27.262291	happy-98	None	-4	0	None
34.451004	34.691002	260.064178	88.321938	340.597229	43.464951	40.473648	46.458054	34.451004	34.691002	45.969269	45.430851	45.871468	44.594566	41.960007	0	0	0	0	0	0	"aI	3`	p	"aI	5	inspired	25.591686	34.687447	26.973545	33.003735	happy-98	None	-3	0	None
34.691002	34.771004	--undefined--	--undefined--	--undefined--	36.779968	26.604948	42.809872	34.691002	34.771004	41.960007	42.414658	35.656693	30.690840	26.604948	0	0	0	0	0	0	3`	d	"aI	3`	6	inspired	25.591686	34.687447	18.286200	19.209684	happy-98	None	-2	0	None
34.771004	34.891003	270.866730	270.866730	270.866730	26.482368	22.740887	29.682896	34.771004	34.891003	26.604948	28.867180	27.499859	24.527210	22.740887	0	0	0	0	0	0	d	sil	3`	"aI	7	inspired	25.591686	34.687447	19.649651	21.213184	happy-98	None	-1	0	None
34.891003	35.712502	519.678772	519.678772	519.678772	-255.886749	-300.000000	24.846466	34.891003	35.712502	22.740887	-300.000000	-300.000000	-300.000000	24.846466	0	0	0	0	0	0	sil	"aI	d	"aI	1	.	15.894112	23.065565	15.894112	23.065565	happy-98	None	-1	0	None
35.712502	35.772503	216.346375	216.346375	216.346375	44.077358	23.229511	54.815598	35.712502	35.772503	24.846466	23.229511	51.781082	54.383362	53.175167	0	0	0	0	0	0	"aI	d	sil	"aI	1	i	29.616753	32.149567	29.616753	32.149567	happy-98	None	-1	0	None
35.772503	35.802502	661.839844	661.839844	661.839844	51.764275	50.916637	53.175167	35.772503	35.802502	53.175167	51.651138	51.651138	50.916637	51.314140	0	0	0	0	0	0	d	"oU	"aI	"oU	1	don't	27.915558	31.161346	30.143282	30.143282	happy-98	None	-3	0	None
35.802502	35.842503	--undefined--	--undefined--	--undefined--	48.450340	46.402607	51.314140	35.802502	35.842503	51.314140	49.582653	47.404518	47.547791	46.402607	0	0	0	0	0	0	"oU	n	d	"oU	2	don't	27.915558	31.161346	27.418674	27.418674	happy-98	None	-2	0	None
35.842503	35.882504	592.153259	592.153259	592.153259	40.177116	37.059875	46.402607	35.842503	35.882504	46.402607	41.704384	38.194527	37.524189	37.059875	0	0	0	0	0	0	n	T	"oU	"I	3	don't	27.915558	31.161346	27.338608	31.161346	happy-98	None	-1	0	None
35.882504	35.922504	--undefined--	--undefined--	--undefined--	40.312057	35.306038	48.773483	35.882504	35.922504	37.059875	35.306038	35.810883	44.610016	48.773483	0	0	0	0	0	0	T	"I	n	"I	1	think	27.060684	30.271227	24.708786	26.617096	happy-98	None	-4	0	None
35.922504	35.952503	--undefined--	--undefined--	--undefined--	46.922737	43.666225	48.773483	35.922504	35.952503	48.773483	48.642353	48.642353	46.608883	43.666225	0	0	0	0	0	0	"I	N	T	"I	2	think	27.060684	30.271227	--undefined--	--undefined--	happy-98	None	-3	0	None
35.952503	35.982502	--undefined--	--undefined--	--undefined--	42.778358	41.260979	44.060535	35.952503	35.982502	43.666225	44.060535	44.060535	42.125694	41.260979	0	0	0	0	0	0	N	k	"I	"u	3	think	27.060684	30.271227	--undefined--	--undefined--	happy-98	None	-2	0	None
35.982502	36.012508	--undefined--	--undefined--	--undefined--	41.711567	40.664730	43.787960	35.982502	36.012508	41.260979	41.132599	41.132599	40.664730	43.787960	0	0	0	0	0	0	k	j	N	"u	4	think	27.060684	30.271227	29.412584	30.271227	happy-98	None	-1	0	None
36.012508	36.042507	--undefined--	--undefined--	--undefined--	47.420593	43.787960	49.916199	36.012508	36.042507	43.787960	47.089172	47.089172	48.889038	49.916199	0	0	0	0	0	0	j	"u	k	"u	1	you	29.333624	29.691208	--undefined--	--undefined--	happy-98	None	-2	0	None
36.042507	36.072506	409.748932	409.748932	409.748932	48.786610	47.890553	49.916199	36.042507	36.072506	49.916199	48.992897	48.992897	48.346802	47.890553	0	0	0	0	0	0	"u	n	j	"u	2	you	29.333624	29.691208	29.333624	29.691208	happy-98	None	-1	0	None
36.072506	36.112507	409.440857	409.440857	409.440857	47.618664	47.057655	48.153416	36.072506	36.112507	47.890553	47.770355	48.153416	47.221355	47.057655	0	0	0	0	0	0	n	"oU	"u	"oU	1	know	27.931162	30.777605	28.918224	30.777605	happy-98	None	-2	0	None
36.112507	36.142506	--undefined--	--undefined--	--undefined--	47.135433	47.030991	47.230724	36.112507	36.142506	47.057655	47.030991	47.030991	47.230724	47.222366	0	0	0	0	0	0	"oU	w	n	"oU	2	know	27.931162	30.777605	25.634903	30.274426	happy-98	None	-1	0	None
36.142506	36.172504	--undefined--	--undefined--	--undefined--	47.452660	47.222366	47.749023	36.142506	36.172504	47.222366	47.512585	47.512585	47.326660	47.749023	0	0	0	0	0	0	w	"V	"oU	"V	1	what	29.850256	38.889126	19.447935	19.447935	happy-98	None	-3	0	None
36.172504	36.202503	--undefined--	--undefined--	--undefined--	47.108078	43.020988	50.021980	36.172504	36.202503	47.749023	50.021980	50.021980	47.640305	43.020988	0	0	0	0	0	0	"V	t	w	"V	2	what	29.850256	38.889126	25.860966	32.273994	happy-98	None	-2	0	None
36.202503	36.262508	--undefined--	--undefined--	--undefined--	42.804424	38.323734	46.365318	36.202503	36.262508	43.020988	40.061665	41.391182	46.365318	45.379509	0	0	0	0	0	0	t	j	"V	"u	3	what	29.850256	38.889126	31.930719	38.889126	happy-98	None	-1	0	None
36.262508	36.292507	--undefined--	--undefined--	--undefined--	45.186050	42.192635	47.016739	36.262508	36.292507	45.379509	47.016739	47.016739	46.155312	42.192635	0	0	0	0	0	0	j	"u	t	"u	1	you're	27.085199	32.452492	29.275490	32.452492	happy-98	None	-2	0	None
36.292507	36.322506	--undefined--	--undefined--	--undefined--	33.416557	25.999847	42.192635	36.292507	36.322506	42.192635	35.457199	35.457199	30.016556	25.999847	0	0	0	0	0	0	"u	k	j	"u	2	you're	27.085199	32.452492	27.414103	32.452492	happy-98	None	-1	0	None
36.322506	36.412502	--undefined--	--undefined--	--undefined--	42.832439	25.999847	50.845924	36.322506	36.412502	25.999847	47.202984	36.099064	50.845924	49.581078	0	0	0	0	0	0	k	"eI	"u	"eI	1	capable	25.278263	39.686237	31.789455	39.686237	happy-98	None	-7	0	None
36.412502	36.502506	214.328629	214.328629	214.328629	45.815147	33.427937	50.289726	36.412502	36.502506	49.581078	49.438614	47.648506	43.257084	33.427937	0	0	0	0	0	0	"eI	p	k	"eI	2	capable	25.278263	39.686237	28.316587	29.144161	happy-98	None	-6	0	None
36.502506	36.542507	--undefined--	--undefined--	--undefined--	36.009411	29.804724	45.326035	36.502506	36.542507	33.427937	29.804724	34.999691	36.488678	45.326035	0	0	0	0	0	0	p	V	"eI	V	3	capable	25.278263	39.686237	26.199402	26.199402	happy-98	None	-5	0	None
36.542507	36.592503	514.228882	514.228882	514.228882	45.891331	44.836792	47.336250	36.542507	36.592503	45.326035	44.836792	45.043297	47.336250	46.939400	0	0	0	0	0	0	V	b	p	V	4	capable	25.278263	39.686237	28.947206	29.069138	happy-98	None	-4	0	None
36.592503	36.662502	--undefined--	--undefined--	--undefined--	41.857147	37.012791	46.939400	36.592503	36.662502	46.939400	43.407234	40.788422	37.012791	42.654079	0	0	0	0	0	0	b	V	V	V	5	capable	25.278263	39.686237	23.280087	29.085855	happy-98	None	-3	0	None
36.662502	36.712505	--undefined--	--undefined--	--undefined--	46.887974	42.654079	48.516499	36.662502	36.712505	42.654079	45.514523	48.495564	48.149181	47.997990	0	0	0	0	0	0	V	l	b	V	6	capable	25.278263	39.686237	25.586617	26.021727	happy-98	None	-2	0	None
36.712505	36.812504	--undefined--	--undefined--	--undefined--	45.932735	43.145134	47.997990	36.712505	36.812504	47.997990	47.526405	45.091179	45.005547	43.145134	0	0	0	0	0	0	l	"V	V	"V	7	capable	25.278263	39.686237	15.510404	26.848282	happy-98	None	-1	0	None
36.812504	36.902508	409.978302	409.978302	409.978302	39.673164	31.426044	43.145134	36.812504	36.902508	43.145134	41.575680	42.474728	37.458122	31.426044	0	0	0	0	0	0	"V	v	l	"V	1	of	17.752754	27.304346	17.047087	27.304346	happy-98	None	-2	0	None
36.902508	36.962505	--undefined--	--undefined--	--undefined--	24.444042	19.978285	31.426044	36.902508	36.962505	31.426044	28.670061	19.978285	21.833248	22.532822	0	0	0	0	0	0	v	sil	"V	"E	2	of	17.752754	27.304346	22.039951	22.093147	happy-98	None	-1	0	None
36.962505	37.162502	340.736053	340.736053	340.736053	26.457438	22.532822	29.270393	36.962505	37.162502	22.532822	28.129799	27.919409	26.968290	24.156382	0	0	0	0	0	0	sil	tS	v	"E	1	.	22.368629	27.568121	22.368629	27.568121	happy-98	None	-1	0	None
37.162502	37.192501	517.375732	340.508606	694.242798	24.146801	23.092850	25.055981	37.162502	37.192501	24.156382	25.055981	25.055981	24.281988	23.092850	0	0	0	0	0	0	tS	"E	sil	"E	1	check	23.729685	27.568121	26.015251	27.568121	happy-98	None	-3	0	None
37.192501	37.222507	340.508606	340.508606	340.508606	23.041523	22.022028	24.253258	37.192501	37.222507	23.092850	24.253258	24.253258	22.797958	22.022028	0	0	0	0	0	0	"E	k	tS	"E	2	check	23.729685	27.568121	20.200508	23.863680	happy-98	None	-2	0	None
37.222507	37.252506	--undefined--	--undefined--	--undefined--	21.746685	20.671711	22.365301	37.222507	37.252506	22.022028	22.365301	22.365301	21.927698	20.671711	0	0	0	0	0	0	k	sil	"E	I	3	check	23.729685	27.568121	25.040293	26.216906	happy-98	None	-1	0	None
37.252506	37.753193	439.038971	340.570801	517.301025	22.562340	16.832468	45.464001	37.252506	37.753193	20.671711	19.884661	16.832468	18.097040	45.464001	0	0	0	0	0	0	sil	I	k	I	1	.	22.327175	28.744370	22.327175	28.744370	happy-98	None	-1	0	None
37.753193	37.783192	--undefined--	--undefined--	--undefined--	38.249405	32.176556	45.464001	37.753193	37.783192	45.464001	41.626087	41.626087	32.176556	33.730968	0	0	0	0	0	0	I	t	sil	I	1	it	28.076647	33.284721	22.013264	25.261335	happy-98	None	-2	0	None
37.783192	37.863194	365.375702	365.375702	365.375702	46.183212	33.730968	53.264179	37.783192	37.863194	33.730968	44.357231	53.264179	48.793663	46.548191	0	0	0	0	0	0	t	"aU	I	"aU	2	it	28.076647	33.284721	28.545862	33.284721	happy-98	None	-1	0	None
37.863194	37.993191	--undefined--	--undefined--	--undefined--	44.408142	38.107693	47.485638	37.863194	37.993191	46.548191	46.800152	45.638824	44.469994	38.447895	0	0	0	0	0	0	"aU	t	t	"aU	1	out	26.889593	33.284721	27.491642	33.284721	happy-98	None	-2	0	None
37.993191	38.143192	--undefined--	--undefined--	--undefined--	-0.963129	-300.000000	39.617001	37.993191	38.143192	38.447895	39.617001	27.387287	21.194399	-300.000000	0	0	0	0	0	0	t	sil	"aU	^	2	out	26.889593	33.284721	26.287540	31.075804	happy-98	None	-1	0	None
38.143192	38.959000	--undefined--	--undefined--	--undefined--	-300.000000	-300.000000	-300.000000	38.143192	38.959000	-300.000000	-300.000000	-300.000000	-300.000000	-300.000000	0	0	0	0	0	0	sil	^	t	^	1	.	--undefined--	--undefined--	--undefined--	--undefined--	happy-98	None	-1	0	None