template	NADA	0	2
0.000000	0.620000	--undefined--	--undefined--	--undefined--	-289.487457	-300.000000	41.713692	0.000000	0.620000	-300.000000	-300.000000	-300.000000	-300.000000	41.713692	0	0	0	0	0	0	sil	spn	^	"E	1	.	28.692873	28.692873	28.692873	28.692873	None	None	-1	0	
0.620000	0.765625	516.907349	516.907349	516.907349	41.714363	39.071129	44.507652	0.620000	0.765625	41.713692	40.572235	44.016300	41.214520	39.968353	0	0	0	0	0	0	spn	l	sil	"E	1	XXNONVERBALXX	25.755070	32.592705	25.755070	32.592705	None	None	-1	0	
0.765625	0.815625	91.445389	91.445389	91.445389	45.523834	39.968353	51.344368	0.765625	0.815625	39.968353	42.312431	46.034321	49.047836	51.344368	0	0	0	0	0	0	l	"E	spn	"E	1	let	30.337154	34.720158	29.412073	31.351812	sad-55	None	-3	0	None
0.815625	0.865625	--undefined--	--undefined--	--undefined--	50.540756	46.315186	51.801498	0.815625	0.865625	51.344368	51.801498	51.661282	50.362988	46.315186	0	0	0	0	0	0	"E	t	l	"E	2	let	30.337154	34.720158	30.129057	34.720158	sad-55	None	-2	0	None
0.865625	0.915625	--undefined--	--undefined--	--undefined--	43.863483	42.261559	46.315186	0.865625	0.915625	46.315186	44.539215	42.261559	43.360672	44.183907	0	0	0	0	0	0	t	g	"E	"oU	3	let	30.337154	34.720158	32.746052	33.450436	sad-55	None	-1	0	None
0.915625	0.975625	--undefined--	--undefined--	--undefined--	47.547798	43.614162	56.501266	0.915625	0.975625	44.183907	44.168415	43.614162	53.541790	56.501266	0	0	0	0	0	0	g	"oU	t	"oU	1	go	38.931747	44.117210	40.994156	44.117210	sad-55	None	-2	0	None
0.975625	1.115625	--undefined--	--undefined--	--undefined--	56.802422	53.049927	60.311504	0.975625	1.115625	56.501266	60.153194	57.553730	54.886375	53.051487	0	0	0	0	0	0	"oU	"V	g	"oU	2	go	38.931747	44.117210	38.764793	44.117210	sad-55	None	-1	0	None
1.115625	1.145625	--undefined--	--undefined--	--undefined--	52.652920	50.767078	53.660603	1.115625	1.145625	53.051487	53.132511	53.660603	53.660603	50.767078	0	0	0	0	0	0	"V	v	"oU	"V	1	of	32.476955	35.854477	33.600246	34.091839	sad-55	None	-2	0	None
1.145625	1.235625	--undefined--	--undefined--	--undefined--	45.722450	42.645645	50.767078	1.145625	1.235625	50.767078	46.719032	44.001503	43.470734	44.991966	0	0	0	0	0	0	v	I	"V	I	2	of	32.476955	35.854477	32.319035	35.854477	sad-55	None	-1	0	None
1.235625	1.275625	--undefined--	--undefined--	--undefined--	44.511604	41.669903	45.651314	1.235625	1.275625	44.991966	45.651314	44.680115	41.669903	45.564709	0	0	0	0	0	0	I	t	v	I	1	it	24.592110	34.868172	21.371979	33.832203	sad-55	None	-2	0	None
1.275625	1.355625	521.629028	521.629028	521.629028	45.994820	41.640099	48.794495	1.275625	1.355625	45.564709	48.675842	46.038456	44.917671	41.640099	0	0	0	0	0	0	t	b	I	"A	2	it	24.592110	34.868172	27.812243	34.868172	sad-55	None	-1	0	None
1.355625	1.405625	375.713501	229.798004	521.629028	46.433369	41.640099	53.980160	1.355625	1.405625	41.640099	42.044006	46.451298	52.725834	53.980160	0	0	0	0	0	0	b	"A	t	"A	1	bobby	29.254910	35.598526	26.987123	32.736542	sad-55	None	-4	0	None
1.405625	1.545625	428.664459	229.798004	715.553040	54.382462	46.950974	56.690323	1.405625	1.545625	53.980160	56.315464	53.568920	55.864609	46.950974	0	0	0	0	0	0	"A	b	b	"A	2	bobby	29.254910	35.598526	31.429831	35.598526	sad-55	None	-3	0	None
1.545625	1.615625	340.374756	340.374756	340.374756	43.462852	41.769405	46.950974	1.545625	1.615625	46.950974	43.677029	43.590832	42.223946	43.173828	0	0	0	0	0	0	b	i	"A	i	3	bobby	29.254910	35.598526	26.127359	29.884457	sad-55	None	-2	0	None
1.615625	1.685625	--undefined--	--undefined--	--undefined--	41.976341	39.539974	43.397144	1.615625	1.685625	43.173828	43.364861	41.278950	39.539974	41.184189	0	0	0	0	0	0	i	j	b	i	4	bobby	29.254910	35.598526	32.626236	33.915924	sad-55	None	-1	0	None
1.685625	1.745625	--undefined--	--undefined--	--undefined--	43.720772	41.184189	45.177731	1.685625	1.745625	41.184189	43.453999	43.786549	44.769779	44.483902	0	0	0	0	0	0	j	"u	i	"u	1	you	27.128284	35.578941	27.518280	35.578941	sad-55	None	-2	0	None
1.745625	1.815625	409.421997	409.421997	409.421997	44.341106	39.018177	47.172920	1.745625	1.815625	44.483902	44.595345	45.525810	45.523838	39.018177	0	0	0	0	0	0	"u	sil	j	"u	2	you	27.128284	35.578941	28.584417	35.578941	sad-55	None	-1	0	None
1.815625	1.845625	--undefined--	--undefined--	--undefined--	39.777935	37.617302	42.695965	1.815625	1.845625	39.018177	37.617302	42.695965	42.695965	39.780289	0	0	0	0	0	0	sil	w	"u	"V	1	.	27.686546	28.938055	27.686546	28.938055	sad-55	None	-1	0	None
1.845625	1.935625	340.347473	271.100464	409.594513	43.289894	38.878799	45.674690	1.845625	1.935625	39.780289	38.878799	45.674690	45.280460	44.383682	0	0	0	0	0	0	w	"V	sil	"V	1	won	28.231035	35.374840	29.324377	32.347050	sad-55	None	-3	0	None
1.935625	2.075625	402.817993	290.610321	515.025635	46.433205	44.245415	48.810253	1.935625	2.075625	44.383682	44.910286	47.157013	47.688629	46.602612	0	0	0	0	0	0	"V	n	w	"V	2	won	28.231035	35.374840	26.516827	35.374840	sad-55	None	-2	0	None
2.075625	2.245625	377.776398	312.899078	410.506805	42.557777	40.188541	46.602612	2.075625	2.245625	46.602612	44.387436	43.275124	40.695755	40.234280	0	0	0	0	0	0	n	sil	"V	"i	3	won	28.231035	35.374840	27.813717	34.447205	sad-55	None	-1	0	None
2.245625	8.420000	312.899078	312.899078	312.899078	-295.925629	-300.000000	40.234280	2.245625	8.420000	40.234280	-300.000000	-300.000000	-300.000000	31.590672	0	0	0	0	0	0	sil	spn	n	"i	1	.	27.608831	32.553699	27.608831	32.553699	sad-55	None	-1	0	None
8.420000	8.711187	326.730957	231.441879	368.929657	36.524658	30.847286	46.101536	8.420000	8.711187	31.590672	32.483028	34.622074	39.501022	39.985661	0	0	0	0	0	0	spn	f	sil	"i	1	XXNONVERBALXX	27.618635	37.739681	27.618635	37.739681	sad-55	None	-1	0	None
8.711187	8.741187	340.365875	340.365875	340.365875	45.717415	39.985661	51.356255	8.711187	8.741187	39.985661	39.985661	43.505661	48.022095	51.356255	0	0	0	0	0	0	f	r\	spn	"i	1	freedom	30.825579	42.770599	32.447582	32.447582	sad-70	None	-6	0	None
8.741187	8.801188	--undefined--	--undefined--	--undefined--	56.124409	51.356255	58.217743	8.741187	8.801188	51.356255	54.085075	57.399689	57.901222	57.757057	0	0	0	0	0	0	r\	"i	f	"i	2	freedom	30.825579	42.770599	32.848988	35.661758	sad-70	None	-5	0	None
8.801188	8.931187	409.588806	409.588806	409.588806	51.937046	46.097862	57.757057	8.801188	8.931187	57.757057	56.314880	48.090195	47.898552	54.248260	0	0	0	0	0	0	"i	d	r\	"i	3	freedom	30.825579	42.770599	36.248421	42.770599	sad-70	None	-4	0	None
8.931187	8.981188	410.461517	410.461517	410.461517	52.364887	46.593697	56.488537	8.931187	8.981188	54.248260	46.593697	48.907478	53.122707	54.828629	0	0	0	0	0	0	d	V	"i	V	4	freedom	30.825579	42.770599	37.627712	37.627712	sad-70	None	-3	0	None
8.981188	9.211187	--undefined--	--undefined--	--undefined--	46.595535	38.117477	54.828629	8.981188	9.211187	54.828629	49.231968	45.987911	47.010689	38.117477	0	0	0	0	0	0	V	m	d	V	5	freedom	30.825579	42.770599	30.790464	34.257126	sad-70	None	-2	0	None
9.211187	9.681188	447.798096	89.375908	593.191589	41.271214	32.900185	48.412094	9.211187	9.681188	38.117477	38.580891	44.600014	41.277641	40.285934	0	0	0	0	0	0	m	spn	V	3`	6	freedom	30.825579	42.770599	29.369053	34.849560	sad-70	None	-1	0	None
9.681188	9.961625	447.384247	270.993927	593.314087	40.235580	37.173420	44.919067	9.681188	9.961625	40.285934	40.080410	38.866344	38.329891	37.909058	0	0	0	0	0	0	spn	f	m	3`	1	XXNONVERBALXX	28.719456	33.584694	28.719456	33.584694	sad-70	None	-1	0	None
9.961625	10.011625	--undefined--	--undefined--	--undefined--	44.444397	37.629250	50.425804	9.961625	10.011625	37.909058	37.629250	43.808250	46.567574	50.425804	0	0	0	0	0	0	f	3`	spn	3`	1	from	32.053345	35.542484	32.411407	35.456013	sad-70	None	-3	0	None
10.011625	10.081625	518.652954	516.351440	520.954468	49.743637	47.469765	52.265549	10.011625	10.081625	50.425804	48.982262	48.507355	51.475773	48.220810	0	0	0	0	0	0	3`	m	f	3`	2	from	32.053345	35.542484	32.145523	35.542484	sad-70	None	-2	0	None
10.081625	10.141625	409.011047	409.011047	409.011047	50.754375	48.220810	52.157074	10.081625	10.141625	48.220810	52.157074	48.645119	51.993023	52.047344	0	0	0	0	0	0	m	"O	3`	"O	3	from	32.053345	35.542484	29.837320	29.837320	sad-70	None	-1	0	None
10.141625	10.261625	693.927795	693.927795	693.927795	54.408279	51.003460	57.072140	10.141625	10.261625	52.047344	55.428104	57.072140	53.896935	51.003460	0	0	0	0	0	0	"O	l	m	"O	1	all	30.998297	35.805687	30.758345	35.541439	sad-70	None	-2	0	None
10.261625	10.311625	230.173828	230.173828	230.173828	51.831085	50.406677	53.644672	10.261625	10.311625	51.003460	51.035557	50.406677	51.665550	53.644672	0	0	0	0	0	0	l	"V	"O	"V	2	all	30.998297	35.805687	31.033632	35.805687	sad-70	None	-1	0	None
10.311625	10.361625	--undefined--	--undefined--	--undefined--	51.559494	45.890728	54.758217	10.311625	10.361625	53.644672	54.758217	54.425804	51.738892	45.890728	0	0	0	0	0	0	"V	v	l	"V	1	of	32.257938	34.731422	30.737841	30.737841	sad-70	None	-2	0	None
10.361625	10.431625	409.783722	409.783722	409.783722	48.842705	43.363815	57.532150	10.361625	10.431625	45.890728	44.697350	45.689590	51.324677	57.532150	0	0	0	0	0	0	v	"V	"V	"V	2	of	32.257938	34.731422	32.257938	34.731422	sad-70	None	-1	0	None
10.431625	10.591625	--undefined--	--undefined--	--undefined--	52.329529	38.567783	60.156525	10.431625	10.591625	57.532150	59.391464	55.667252	45.631210	43.222660	0	0	0	0	0	0	"V	s	v	"V	1	us	34.449020	41.082405	34.648621	41.082405	sad-70	None	-2	0	None
10.591625	10.731626	257.926056	257.926056	257.926056	49.696934	43.222660	54.394135	10.591625	10.731626	43.222660	50.347237	54.240154	51.443283	43.735352	0	0	0	0	0	0	s	V	"V	V	2	us	34.449020	41.082405	34.129662	37.561344	sad-70	None	-1	0	None
10.731626	10.771625	410.384430	410.384430	410.384430	42.660988	40.485325	44.060043	10.731626	10.771625	43.735352	43.222347	44.060043	41.801857	40.485325	0	0	0	0	0	0	V	n	s	V	1	and	31.440470	37.948795	27.395704	32.644974	sad-70	None	-3	0	None
10.771625	10.801625	--undefined--	--undefined--	--undefined--	40.545486	40.485325	40.597679	10.771625	10.801625	40.485325	40.485325	40.502125	40.596825	40.597679	0	0	0	0	0	0	n	d	V	"aU	2	and	31.440470	37.948795	31.958679	31.958679	sad-70	None	-2	0	None
10.801625	10.841625	516.525818	516.525818	516.525818	45.173588	40.597679	48.716526	10.801625	10.841625	40.597679	42.735588	46.390083	47.428059	48.716526	0	0	0	0	0	0	d	"aU	n	"aU	3	and	31.440470	37.948795	34.136978	37.948795	sad-70	None	-1	0	None
10.841625	10.911626	463.210175	409.894531	516.525818	50.087353	48.611797	51.287785	10.841625	10.911626	48.716526	48.611797	50.813118	50.663841	50.338154	0	0	0	0	0	0	"aU	3`	d	"aU	1	our	27.028418	35.261005	24.388300	35.261005	dislike-60	None	-2	0	None
10.911626	11.061625	340.412109	340.412109	340.412109	44.477043	39.749855	50.338154	10.911626	11.061625	50.338154	48.126205	44.734535	39.749855	40.970726	0	0	0	0	0	0	3`	spn	"aU	3`	2	our	27.028418	35.261005	28.131338	31.024473	dislike-60	None	-1	0	None
11.061625	11.211625	361.214172	313.133942	409.294403	42.382576	37.125366	49.536804	11.061625	11.211625	40.970726	42.167702	39.432884	43.248650	48.001522	0	0	0	0	0	0	spn	S	3`	"I	1	XXNONVERBALXX	30.346411	35.195496	30.346411	35.195496	dislike-60	None	-1	0	None
11.211625	11.421625	--undefined--	--undefined--	--undefined--	49.067993	40.244560	51.461823	11.211625	11.421625	48.001522	50.708408	50.392281	51.308308	46.062622	0	0	0	0	0	0	S	"I	spn	"I	1	shit	32.281361	44.173729	34.251606	44.173729	dislike-60	None	-3	0	None
11.421625	11.551625	--undefined--	--undefined--	--undefined--	48.750237	42.593533	54.297157	11.421625	11.551625	46.062622	49.069572	53.527527	49.638653	42.593533	0	0	0	0	0	0	"I	t	S	"I	2	shit	32.281361	44.173729	33.297626	37.726025	dislike-60	None	-2	0	None
11.551625	11.711625	409.599243	409.599243	409.599243	40.468639	35.780228	44.247360	11.551625	11.711625	42.593533	43.710686	35.780228	40.993366	40.523151	0	0	0	0	0	0	t	spn	"I	"I	3	shit	32.281361	44.173729	28.645473	34.109619	dislike-60	None	-1	0	None
11.711625	11.980000	443.217224	370.001190	516.433289	40.225887	34.621078	43.390522	11.711625	11.980000	40.523151	37.282417	42.129971	42.030910	38.179420	0	0	0	0	0	0	spn	sil	t	"I	1	XXNONVERBALXX	27.028931	32.526646	27.028931	32.526646	dislike-60	None	-1	0	None
11.980000	13.780000	--undefined--	--undefined--	--undefined--	-289.837769	-300.000000	38.179420	11.980000	13.780000	38.179420	-300.000000	-300.000000	-300.000000	35.813274	0	0	0	0	0	0	sil	spn	spn	"I	1	.	27.775915	27.775915	27.775915	27.775915	dislike-60	None	-1	0	None
13.780000	13.952063	455.115265	340.268066	684.539307	42.306412	35.813274	46.917236	13.780000	13.952063	35.813274	41.757107	41.434410	41.685867	46.917236	0	0	0	0	0	0	spn	"I	sil	"I	1	XXNONVERBALXX	28.997082	35.486950	28.997082	35.486950	dislike-60	None	-1	0	None
13.952063	14.012063	515.077698	515.077698	515.077698	45.984592	44.327545	46.917236	13.952063	14.012063	46.917236	46.732426	46.142059	46.405586	44.327545	0	0	0	0	0	0	"I	z	spn	"I	1	isn't	24.214218	30.721415	--undefined--	--undefined--	dislike-60	None	-4	0	None
14.012063	14.042063	591.239929	591.239929	591.239929	45.464710	44.327545	47.244854	14.012063	14.042063	44.327545	44.327545	45.653946	44.632492	47.244854	0	0	0	0	0	0	z	V	"I	V	2	isn't	24.214218	30.721415	--undefined--	--undefined--	dislike-60	None	-3	0	None
14.042063	14.072062	91.507370	91.507370	91.507370	48.214462	47.244854	49.313332	14.042063	14.072062	47.244854	47.244854	47.895283	48.404369	49.313332	0	0	0	0	0	0	V	n	z	V	3	isn't	24.214218	30.721415	15.432209	15.432209	dislike-60	None	-2	0	None
14.072062	14.102063	91.507370	91.507370	91.507370	49.052120	48.232098	49.599121	14.072062	14.102063	49.313332	49.313332	49.599121	49.063931	48.232098	0	0	0	0	0	0	n	D	V	"{	4	isn't	24.214218	30.721415	27.141556	30.721415	dislike-60	None	-1	0	None
14.102063	14.142062	230.798904	230.798904	230.798904	50.771889	48.232098	53.062099	14.102063	14.142062	48.232098	49.168468	50.781013	53.062099	52.615746	0	0	0	0	0	0	D	"{	n	"{	1	that	30.839605	34.856728	28.270401	29.414661	dislike-60	None	-3	0	None
14.142062	14.192063	--undefined--	--undefined--	--undefined--	50.179260	49.169556	52.615746	14.142062	14.192063	52.615746	49.966717	49.169556	49.778397	49.538254	0	0	0	0	0	0	"{	t	D	"{	2	that	30.839605	34.856728	33.375946	34.856728	dislike-60	None	-2	0	None
14.192063	14.222062	488.110535	458.883667	517.337402	49.703362	49.487549	50.159473	14.192063	14.222062	49.538254	49.538254	50.159473	49.628174	49.487549	0	0	0	0	0	0	t	w	"{	"V	3	that	30.839605	34.856728	30.905331	30.905331	dislike-60	None	-1	0	None
14.222062	14.262063	517.337402	517.337402	517.337402	49.354790	48.231758	50.531277	14.222062	14.262063	49.487549	48.898514	48.231758	49.624828	50.531277	0	0	0	0	0	0	w	"V	t	"V	1	what	30.655298	37.509144	27.754082	31.236650	dislike-60	None	-3	0	None
14.262063	14.302062	--undefined--	--undefined--	--undefined--	50.777199	50.208946	51.258816	14.262063	14.302062	50.531277	51.013142	51.258816	50.873802	50.208946	0	0	0	0	0	0	"V	t	w	"V	2	what	30.655298	37.509144	29.973227	34.950436	dislike-60	None	-2	0	None
14.302062	14.352063	228.330460	228.330460	228.330460	48.826740	45.918709	50.333195	14.302062	14.352063	50.208946	50.168488	50.333195	47.742733	48.588379	0	0	0	0	0	0	t	j	"V	"u	3	what	30.655298	37.509144	31.682119	37.509144	dislike-60	None	-1	0	None
14.352063	14.392062	228.330460	228.330460	228.330460	50.096848	48.588379	51.390995	14.352063	14.392062	48.588379	48.873806	50.365639	51.390995	51.265430	0	0	0	0	0	0	j	"u	t	"u	1	you	31.805992	33.610638	33.362663	33.362663	dislike-60	None	-2	0	None
14.392062	14.452063	--undefined--	--undefined--	--undefined--	46.996460	43.430771	51.265430	14.392062	14.452063	51.265430	50.104374	46.981110	43.430771	45.268265	0	0	0	0	0	0	"u	w	j	"u	2	you	31.805992	33.610638	31.287104	33.610638	dislike-60	None	-1	0	None
14.452063	14.532063	--undefined--	--undefined--	--undefined--	47.525375	45.212551	49.966728	14.452063	14.532063	45.268265	48.162041	45.861824	48.112354	49.966728	0	0	0	0	0	0	w	"O	"u	"O	1	wanted	30.362005	36.217995	30.540110	35.238220	dislike-60	None	-5	0	None
14.532063	14.642062	--undefined--	--undefined--	--undefined--	50.339405	49.749382	51.612133	14.532063	14.642062	49.966728	50.064205	49.895180	51.612133	50.024689	0	0	0	0	0	0	"O	n	w	"O	2	wanted	30.362005	36.217995	31.513758	36.217995	dislike-60	None	-4	0	None
14.642062	14.692063	--undefined--	--undefined--	--undefined--	49.746769	49.011406	50.494377	14.642062	14.692063	50.024689	49.657131	49.996994	49.295998	50.494377	0	0	0	0	0	0	n	I	"O	I	3	wanted	30.362005	36.217995	35.046413	35.569851	dislike-60	None	-3	0	None
14.692063	14.792062	--undefined--	--undefined--	--undefined--	49.137333	47.928085	50.853889	14.692063	14.792062	50.494377	49.542164	48.291325	48.343662	48.754578	0	0	0	0	0	0	I	d	n	I	4	wanted	30.362005	36.217995	27.342524	34.522976	dislike-60	None	-2	0	None
14.792062	14.942062	481.471588	410.122498	517.480652	43.419975	35.779610	49.959904	14.792062	14.942062	48.754578	49.762096	42.211327	38.478569	40.340363	0	0	0	0	0	0	d	spn	I	^	5	wanted	30.362005	36.217995	29.638906	32.946056	dislike-60	None	-1	0	None
14.942062	15.219999	386.587372	340.508209	409.808014	40.223957	31.521221	46.177105	14.942062	15.219999	40.340363	36.407722	38.785454	45.756706	37.635582	0	0	0	0	0	0	spn	sil	d	^	1	XXNONVERBALXX	26.473120	32.599541	26.473120	32.599541	dislike-60	None	-1	0	None
15.219999	23.999001	--undefined--	--undefined--	--undefined--	-298.665802	-300.000000	37.635582	15.219999	23.999001	37.635582	-300.000000	-300.000000	-300.000000	-300.000000	0	0	0	0	0	0	sil	^	spn	^	1	.	--undefined--	--undefined--	--undefined--	--undefined--	dislike-60	None	-1	0	None